Vertex Count: 1374

Data:

-4.08385 -0.362469 -5.96343 0.425 0 -0.7418 -0.0749 -0.6664
-5.91988 -0.362469 -4.0321 0.369345 0 -0.8397 -0.0337 -0.542
-4.28579 0.637531 -5.96343 0.425 0.25 -0.7418 -0.0749 -0.6664
-5.45818 1.33636 -1.63581 0.410192 0.3125 -0.2447 0.9493 -0.1972
-4.52689 1.33636 -2.33219 0.425 0.3125 -0.182 0.9705 -0.1583
-5.27226 0.982992 -3.49098 0.410626 0.280897 -0.2961 0.9321 -0.2089
-5.91988 -0.362469 -4.0321 0.375 0.994345 -0.3744 -0.8899 -0.2604
-4.08385 -0.362469 -5.96343 0.425 1 -0.0905 -0.9487 -0.3029
-5.17077 -0.788624 -3.48957 0.410843 0.969086 -0.3518 -0.898 -0.2643
5.91988 0.637531 -4.0321 0.630001 0.255001 0.8397 -0.0337 -0.5421
5.91988 -0.362469 -4.0321 0.632501 0 0.8397 -0.0337 -0.542
4.28579 0.637531 -5.96343 0.575 0.25 0.7418 -0.0749 -0.6664
5.91988 0.637531 -4.0321 0.630001 0.255001 0.3254 0.9196 -0.2203
5.33102 1.00357 -3.34371 0.273821 0.119053 0.3146 0.926 -0.2087
7.31755 0.637531 -1.11068 0.625 0.3125 0.387 0.9009 -0.1966
5.57725 0.595491 4.08155 0.624622 0.5 0.4246 0.8786 0.2185
4.15917 1.10975 4.41839 0.575 0.443228 0.1496 0.964 0.2197
4.1321 0.482182 6.28726 0.575 0.5 0.0825 0.9576 0.2762
6.0863 -0.362469 2.31898 0.605736 0.875 0.4312 -0.8927 0.1311
5.57725 -0.362469 4.08155 0.624622 0.75 0.4339 -0.8866 0.1604
4.9733 -0.913024 2.31898 0.575 0.875 0.2742 -0.9587 0.076
5.23426 -0.813519 -3.34505 0.577136 0.972733 0.3677 -0.8924 -0.2616
4.24679 -0.982606 -3.89064 0.162215 0.282113 0.1485 -0.9489 -0.2785
5.91988 -0.362469 -4.0321 0.625 0.992499 0.3805 -0.8851 -0.2679
-4.27376 0.910854 -6.05401 0.425 0.25 -0.1078 0.9678 -0.2273
-4.44979 1.15127 -3.47955 0.425 0.292992 -0.1823 0.9708 -0.1559
-3.25217 1.08344 -5.82022 0.455 0.25 -0.1135 0.9711 -0.21
-2.4844 0.395007 7.25266 0.455 0.5 0.1034 0.9735 0.2038
-2.41389 1.16923 4.18299 0.455 0.42706 0.1027 0.9805 0.1678
-4.1321 0.482182 6.28726 0.425 0.5 -0.0824 0.9576 0.2762
-4.1321 0.482182 6.28726 0.425 0.5 -0.729 -0.003 0.6845
-4.1321 -0.385725 6.28726 0.425 0.75 -0.7247 -0.003 0.6891
-2.4844 0.395007 7.25266 0.455 0.5 -0.4074 -0 0.9132
-4.9733 -0.913024 2.31898 0.425 0.875 -0.2745 -0.9586 0.0764
-2.89962 -1.15732 2.31898 0.455 0.875 -0.0844 -0.996 0.0295
-4.15917 -0.984965 4.41839 0.425 0.806772 -0.2122 -0.966 0.1475
-4.08385 -0.362469 -5.96343 0.425 1 -0.0905 -0.9487 -0.3029
-2.88817 -0.362469 -5.5674 0.57908 0.947917 0.0494 -0.9438 -0.3267
-4.38701 -1.00539 -3.47868 0.425 0.957233 -0.1587 -0.9496 -0.2702
-6.90296 -0.362469 2.31898 0.375 0.875 -0.6391 -0.7667 -0.0613
-6.71847 -0.362469 0.587151 0.375 0.896015 -0.6423 -0.7587 -0.1091
-6.0863 -1.02785 2.31898 0.394264 0.875 -0.4357 -0.8989 -0.0459
-4.9733 -1.32112 2.31898 0.425 0.875 -0.1685 -0.9857 -0.0093
-4.6376 -1.32112 0.304052 0.425 0.897559 -0.1482 -0.9849 -0.0894
-2.89962 -1.50957 2.31898 0.455 0.875 -0.0939 -0.9953 0.0217
6.90296 0.637532 2.31898 0.625 0.375 0.6326 0.7717 -0.0656
6.71847 0.637532 0.587151 0.677005 0.302005 0.6277 0.7707 -0.1097
6.0863 1.30291 2.31898 0.605736 0.375 0.4212 0.9056 -0.0487
-2.89962 1.73199 2.31898 0.455 0.375 -0.0571 0.9982 -0.016
-2.84264 1.68342 0.154435 0.455 0.349631 0.1178 0.9902 -0.0748
-4.9733 1.59618 2.31898 0.425 0.375 -0.1377 0.9902 -0.0236
2.92923 1.49635 -1.80841 0.545 0.3125 -0.144 0.9847 -0.0982
4.52689 1.33636 -2.33219 0.575 0.3125 0.1823 0.9736 -0.1375
3.05922 1.37557 -3.37526 0.332138 0.190446 -0.1015 0.9783 -0.1805
2.89962 1.73199 2.31898 0.545 0.375 0.0571 0.9982 -0.016
4.9733 1.59618 2.31898 0.575 0.375 0.1376 0.9902 -0.0235
2.84264 1.68342 0.154435 0.545 0.349631 -0.1178 0.9902 -0.0748
2.4844 0.395007 7.25266 0.545 0.5 -0.1034 0.9735 0.2038
4.1321 0.482182 6.28726 0.575 0.5 0.0825 0.9576 0.2762
2.41389 1.16923 4.18299 0.545 0.42706 -0.1027 0.9804 0.1678
4.1321 0.482182 6.28726 0.575 0.5 0.729 -0 0.6845
2.4844 0.395007 7.25266 0.545 0.5 0.4074 -0 0.9132
4.1321 -0.385725 6.28726 0.575 0.75 0.7247 -0 0.6891
4.9733 -0.913024 2.31898 0.575 0.875 0.2742 -0.9587 0.076
4.15917 -0.984965 4.41839 0.575 0.806772 0.2121 -0.9661 0.1474
2.89962 -1.15732 2.31898 0.545 0.875 0.0844 -0.996 0.0295
4.52689 -0.88558 -2.33219 -0 -0 0.1345 -0.9757 -0.1732
4.6376 -1.32112 0.304051 0.575 0.897559 0.1481 -0.9849 -0.0894
2.85081 -1.13069 -1.80841 -0 -0 0.0951 -0.9754 -0.1987
4.08385 -0.362469 -5.96343 0.575 1 0.0832 -0.9435 -0.3208
4.24679 -0.982606 -3.89064 0.162215 0.282113 0.1485 -0.9489 -0.2785
2.88817 -0.362469 -5.5674 0.545 1 -0.0925 -0.9349 -0.3428
-1.2516 -0.448834 -4.04227 0.4775 0 0.3017 0.0583 -0.9516
-2.88817 -0.362469 -5.5674 0.455 0 0.6819 0.1317 -0.7195
-1.43077 0.423782 -4.04227 0.4775 0.25 0.3987 0.077 -0.9139
-3.07069 0.63745 -5.5674 0.455 0.25 0.3426 0.8467 -0.407
-3.06628 1.3653 -3.46034 0.455 0.286467 0.0906 0.9788 -0.1835
-1.43077 0.423782 -4.04227 0.4775 0.25 0.233 0.8381 -0.4933
-1.2211 1.02476 2.31898 0.4775 0.375 0.151 0.9879 0.0351
-1.2723 1.12552 0.31034 0.4775 0.347017 0.1348 0.9908 -0.0101
-2.89962 1.73199 2.31898 0.455 0.375 0.3623 0.932 0.0122
-0.91794 0.291937 7.65795 0.4775 0.5 0.077 0.9886 0.1294
-0.800967 0.639092 4.10999 0.4775 0.42096 0.0957 0.9866 0.1319
-2.4844 0.395007 7.25266 0.455 0.5 0.1034 0.9735 0.2038
-2.4844 0.395007 7.25266 0.455 0.5 -0.4074 -0 0.9132
-2.4844 -0.368286 7.25266 0.455 0.75 -0.4047 -0.0002 0.9144
-0.91794 0.291937 7.65795 0.4775 0.5 -0.1288 -0 0.9917
-2.89962 -1.15732 2.31898 0.455 0.875 -0.0844 -0.996 0.0295
-1.2211 -1.31296 2.31898 0.4775 0.875 -0.0269 -0.9983 0.0519
-2.52052 -1.13198 4.73976 0.455 0.82294 -0.0896 -0.9818 0.1676
-2.89962 -1.50957 2.31898 0.455 0.875 -0.0939 -0.9953 0.0217
-2.81779 -1.58464 0.276449 0.455 0.900369 -0.0905 -0.9918 -0.0906
-1.2211 -1.60685 2.31898 0.4775 0.875 -0.0256 -0.9987 0.0444
-2.88817 -0.362469 -5.5674 0.57908 0.947917 0.0494 -0.9438 -0.3267
-1.2516 -0.448834 -4.04227 0.4775 1 0.1992 -0.8936 -0.4021
-2.75985 -1.14142 -3.64226 0.507216 0.941884 0.0883 -0.9501 -0.2991
1.2516 -0.448834 -4.04227 0.5225 0 -0.3018 0.0583 -0.9516
1.43077 0.423782 -4.04227 0.5225 0.25 -0.3987 0.077 -0.9138
2.88817 -0.362469 -5.5674 0.545 0 -0.6819 0.1317 -0.7195
1.33546 1.19339 -1.30636 0.5225 0.3125 -0.0755 0.9904 -0.1155
2.92923 1.49635 -1.80841 0.545 0.3125 -0.144 0.9847 -0.0982
1.27128 0.939945 -3.40009 0.5225 0.26467 -0.119 0.9553 -0.2707
1.2211 1.02476 2.31898 0.5225 0.375 -0.151 0.9879 0.0351
2.89962 1.73199 2.31898 0.545 0.375 -0.3623 0.932 0.0122
1.2723 1.12552 0.31034 0.5225 0.347017 -0.1348 0.9908 -0.0101
0.91794 0.291937 7.65795 0.5225 0.5 -0.077 0.9886 0.1294
2.4844 0.395007 7.25266 0.545 0.5 -0.1034 0.9735 0.2038
0.800967 0.639092 4.10999 0.5225 0.42096 -0.0957 0.9866 0.132
2.4844 0.395007 7.25266 0.545 0.5 0.4074 -0 0.9132
0.91794 0.291937 7.65795 0.5225 0.5 0.1283 -0 0.9917
2.4844 -0.368286 7.25266 0.545 0.75 0.4047 -0 0.9144
2.89962 -1.15732 2.31898 0.545 0.875 0.0844 -0.996 0.0295
2.52052 -1.13198 4.73976 0.545 0.82294 0.0896 -0.9818 0.1676
1.2211 -1.31296 2.31898 0.5225 0.875 0.0269 -0.9983 0.0519
2.85081 -1.13069 -1.80841 -0 -0 0.0951 -0.9754 -0.1987
2.81779 -1.58464 0.276449 0.545 0.900369 0.0905 -0.9918 -0.0906
1.33546 -1.28633 -1.30636 0.5225 0.9375 0.0219 -0.9704 -0.2404
2.88817 -0.362469 -5.5674 0.545 1 -0.0925 -0.9349 -0.3428
2.75584 -1.15927 -3.56776 0.218011 0.40002 -0.0996 -0.9513 -0.2916
1.2516 -0.448834 -4.04227 0.5225 1 -0.1981 -0.8955 -0.3986
1.43077 0.423782 -4.04227 0.5225 0.25 -0.3987 0.077 -0.9138
1.2516 -0.448834 -4.04227 0.5225 0 -0.3018 0.0583 -0.9516
-1.43077 0.423782 -4.04227 0.4775 0.25 0.3987 0.077 -0.9139
1.33546 1.19339 -1.30636 0.5225 0.3125 -0.0755 0.9904 -0.1155
1.27128 0.939945 -3.40009 0.5225 0.26467 -0.119 0.9553 -0.2707
-1.33546 1.19339 -1.30636 0.4775 0.3125 0.0768 0.9903 -0.1158
1.2723 1.12552 0.31034 0.5225 0.347017 -0.1348 0.9908 -0.0101
1.33546 1.0878 -1.30636 0.5225 0.3125 -0.1182 0.9902 -0.0739
-1.2723 1.12552 0.31034 0.4775 0.347017 0.1348 0.9908 -0.0101
0.800967 0.639092 4.10999 0.5225 0.42096 -0.0957 0.9866 0.132
1.2211 0.941952 2.31898 0.5225 0.375 -0.1664 0.9787 0.1202
-0.800967 0.639092 4.10999 0.4775 0.42096 0.0957 0.9866 0.1319
0.91794 -0.316703 7.65795 0.5225 0.75 0.1275 -0 0.9918
0.91794 0.291937 7.65795 0.5225 0.5 0.1283 -0 0.9917
-0.91794 -0.316703 7.65795 0.4775 0.75 -0.1275 -0 0.9918
1.2211 -1.31296 2.31898 0.5225 0.875 0.0269 -0.9983 0.0519
0.899974 -1.15969 4.90608 0.5225 0.82904 0.0215 -0.984 0.1769
-1.2211 -1.31296 2.31898 0.4775 0.875 -0.0269 -0.9983 0.0519
1.33546 -1.28633 -1.30636 0.5225 0.9375 0.0219 -0.9704 -0.2404
1.27626 -1.70107 0.294595 0.5225 0.902983 0.0231 -0.9957 -0.0892
-1.33546 -1.28633 -1.30636 0.4775 0.9375 -0.0219 -0.9704 -0.2404
1.27128 -0.722842 -3.46063 0.5225 0.98533 -0.0911 -0.9277 -0.3622
-1.2702 -0.71072 -3.49593 0.4775 0.986136 0.0923 -0.9277 -0.3619
1.2516 -0.448834 -4.04227 0.5225 1 -0.1981 -0.8955 -0.3986
-4.1321 0.482182 6.28726 0.425 0.5 -0.0824 0.9576 0.2762
-4.15917 1.10975 4.41839 0.425 0.443228 -0.1495 0.9641 0.2196
-5.57964 0.595491 4.08587 0.375591 0.49989 -0.4239 0.8791 0.218
-6.0863 -0.362469 2.31898 0.394264 0.875 -0.4319 -0.8922 0.132
-4.9733 -0.913024 2.31898 0.425 0.875 -0.2745 -0.9586 0.0764
-5.57208 -0.362469 4.08155 0.375378 0.75 -0.4347 -0.886 0.161
-5.8705 1.30291 0.204395 0.398258 0.353267 -0.4035 0.9071 -0.1194
-4.53161 1.59618 -0.332149 0.425 0.352441 -0.118 0.984 -0.1334
-5.45818 1.00229 -1.63581 0.410192 0.3125 -0.3383 0.9108 -0.2365
5.57725 -0.362469 4.08155 0.624622 0.75 0.8992 -0.0002 0.4375
6.0863 -0.362469 2.31898 0.605736 0.875 0.9607 -0 0.2775
5.57725 0.595491 4.08155 0.624622 0.5 0.9007 -0 0.4344
-4.1321 -0.385725 6.28726 0.425 0.75 -0.7247 -0.003 0.6891
-4.1321 0.482182 6.28726 0.425 0.5 -0.729 -0.003 0.6845
-5.57208 -0.362469 4.08155 0.375378 0.75 -0.8993 -0.0046 0.4374
6.90296 0.637531 2.31898 0.75 0.25 -0 -0 1
6.0863 0.637531 2.31898 0.605736 0.375 -0 -0 1
6.90296 -0.362469 2.31898 0.625 0.875 -0 -0 1
6.72158 -0.362469 0.587151 0.677005 0.447995 0.642 -0.759 -0.1089
5.92187 -1.02785 0.39474 0.631233 0.649727 0.4117 -0.905 -0.1069
6.2813 -0.362469 -0.961949 0.57908 0.947917 0.6439 -0.7405 -0.1926
-6.71847 -0.362469 0.587151 0.375 0.896015 -0.9825 0.0015 -0.1862
-6.71537 0.637531 0.58715 0.271015 0.25 -0.9825 0.0015 -0.1863
-6.2813 -0.362469 -0.961949 0.395922 0.9375 -0.9626 0.0016 -0.2708
7.31755 0.637531 -1.11068 0.6875 0.25 0.1421 -0 0.9899
6.2813 0.637531 -0.961949 -0 -0 -0.0246 -0 0.9997
7.31755 -0.362469 -1.11068 0.625 0.9375 0.1421 -0 0.9899
-7.31755 -0.362469 -1.11068 0.3125 0 -0.1421 -0 0.9899
-6.2813 -0.362469 -0.961949 0.395922 0.9375 0.0267 -0 0.9996
-7.31755 0.637531 -1.11068 0.375 0.3125 -0.1421 -0 0.9899
-5.45436 -0.88558 -1.63858 -0 -0 -0.2715 -0.9499 -0.155
-5.92031 -1.02785 0.394739 0.397436 0.896708 -0.4118 -0.905 -0.1069
-6.2813 -0.362469 -0.961949 0.395922 0.9375 -0.6441 -0.7405 -0.1918
-4.52689 -0.88558 -2.33219 0.425 0.9375 -0.1345 -0.9757 -0.1732
-2.85081 -1.13069 -1.80841 0.455 0.9375 -0.095 -0.9754 -0.1989
-4.6376 -1.32112 0.304052 0.425 0.897559 -0.1482 -0.9849 -0.0894
-2.84264 1.68342 0.154435 0.455 0.349631 0.1178 0.9902 -0.0748
-2.92923 1.27252 -1.80841 0.455 0.3125 0.0784 0.9767 -0.2
-4.53161 1.59618 -0.332149 0.425 0.352441 -0.118 0.984 -0.1334
-1.2723 1.12552 0.31034 0.4775 0.347017 0.1348 0.9908 -0.0101
-1.33546 1.0878 -1.30636 0.4775 0.3125 0.1182 0.9902 -0.0739
-2.84264 1.68342 0.154435 0.455 0.349631 0.1178 0.9902 -0.0748
-2.85081 -1.13069 -1.80841 0.455 0.9375 -0.095 -0.9754 -0.1989
-1.33546 -1.28633 -1.30636 0.4775 0.9375 -0.0219 -0.9704 -0.2404
-2.81779 -1.58464 0.276449 0.455 0.900369 -0.0905 -0.9918 -0.0906
-6.90296 -0.362469 2.31898 0.25 0 -0.9943 0.0015 -0.1068
-6.90296 0.637531 2.31898 0.25 0.25 -0.9943 0.0015 -0.1068
-6.71847 -0.362469 0.587151 0.271015 0 -0.9825 0.0015 -0.1862
-6.0863 1.30291 2.31898 0.394264 0.375 -0.4154 0.9085 -0.0451
-4.9733 1.59618 2.31898 0.425 0.375 -0.1377 0.9902 -0.0236
-5.8705 1.30291 0.204395 0.398258 0.353267 -0.4035 0.9071 -0.1194
6.71847 0.637532 0.587151 0.677005 0.302005 0.6277 0.7707 -0.1097
6.2813 0.637531 -0.961949 -0 -0 0.6095 0.7615 -0.2206
5.87217 1.30291 0.204395 0.629556 0.325466 0.405 0.9067 -0.1177
4.52689 1.04259 -2.33219 0.575 0.3125 0.1052 0.9656 -0.2379
2.92923 1.27252 -1.80841 0.545 0.3125 -0.0783 0.9767 -0.1999
4.53161 1.59618 -0.332148 0.575 0.352441 0.1179 0.984 -0.1334
4.9733 -1.32112 2.31898 0.575 0.875 0.1685 -0.9857 -0.0093
2.89962 -1.50957 2.31898 0.545 0.875 0.0939 -0.9953 0.0217
4.6376 -1.32112 0.304051 0.575 0.897559 0.1481 -0.9849 -0.0894
2.92923 1.27252 -1.80841 0.545 0.3125 -0.0783 0.9767 -0.1999
1.33546 1.0878 -1.30636 0.5225 0.3125 -0.1182 0.9902 -0.0739
2.84264 1.68342 0.154435 0.545 0.349631 -0.1178 0.9902 -0.0748
2.89962 -1.50957 2.31898 0.545 0.875 0.0939 -0.9953 0.0217
1.2211 -1.60685 2.31898 0.5225 0.875 0.0256 -0.9987 0.0444
2.81779 -1.58464 0.276449 0.545 0.900369 0.0905 -0.9918 -0.0906
6.0863 -1.02785 2.31898 0.605736 0.875 0.4353 -0.8991 -0.0454
4.9733 -1.32112 2.31898 0.575 0.875 0.1685 -0.9857 -0.0093
5.92187 -1.02785 0.39474 0.631233 0.649727 0.4117 -0.905 -0.1069
6.71847 0.637531 0.587151 0.677005 0.302005 0.9825 0.0015 -0.1863
6.90296 0.637531 2.31898 0.75 0.25 0.9945 0.0013 -0.1049
6.72158 -0.362469 0.587151 0.677005 0.447995 0.9825 0.0015 -0.1861
-2.41389 1.16923 4.18299 0.455 0.42706 0.1027 0.9805 0.1678
-2.89962 1.45571 2.31898 0.455 0.375 -0.0495 0.9898 0.1334
-4.15917 1.10975 4.41839 0.425 0.443228 -0.1495 0.9641 0.2196
-2.4844 -0.368286 7.25266 0.455 0.75 -0.081 -0.9526 0.2934
-4.1321 -0.385725 6.28726 0.425 0.75 -0.1858 -0.9372 0.2951
-2.52052 -1.13198 4.73976 0.455 0.82294 -0.0896 -0.9818 0.1676
-0.800967 0.639092 4.10999 0.4775 0.42096 0.0957 0.9866 0.1319
-1.2211 0.941952 2.31898 0.4775 0.375 0.1664 0.9787 0.1202
-2.41389 1.16923 4.18299 0.455 0.42706 0.1027 0.9805 0.1678
-0.91794 -0.316703 7.65795 0.4775 0.75 -0.0188 -0.9561 0.2925
-2.4844 -0.368286 7.25266 0.455 0.75 -0.081 -0.9526 0.2934
-0.899974 -1.15969 4.90608 0.4775 0.82904 -0.0215 -0.984 0.1769
-4.15917 1.10975 4.41839 0.425 0.443228 -0.1495 0.9641 0.2196
-4.9733 1.29314 2.31898 0.425 0.375 -0.2496 0.9532 0.1704
-5.57964 0.595491 4.08587 0.375591 0.49989 -0.4239 0.8791 0.218
-4.1321 -0.385725 6.28726 0.425 0.75 -0.1858 -0.9372 0.2951
-5.57208 -0.362469 4.08155 0.375378 0.75 -0.4347 -0.886 0.161
-4.15917 -0.984965 4.41839 0.425 0.806772 -0.2122 -0.966 0.1475
6.0863 0.637531 2.31898 0.605736 0.375 0.4329 0.8791 0.1996
4.9733 1.29314 2.31898 0.575 0.375 0.2497 0.9532 0.1707
5.57725 0.595491 4.08155 0.624622 0.5 0.4246 0.8786 0.2185
4.1321 -0.385725 6.28726 0.575 0.75 0.1858 -0.9372 0.2951
4.15917 -0.984965 4.41839 0.575 0.806772 0.2121 -0.9661 0.1474
5.57725 -0.362469 4.08155 0.624622 0.75 0.4339 -0.8866 0.1604
4.9733 1.29314 2.31898 0.575 0.375 0.2497 0.9532 0.1707
2.89962 1.45571 2.31898 0.545 0.375 0.0492 0.9898 0.1336
4.15917 1.10975 4.41839 0.575 0.443228 0.1496 0.964 0.2197
4.15917 -0.984965 4.41839 0.575 0.806772 0.2121 -0.9661 0.1474
4.1321 -0.385725 6.28726 0.575 0.75 0.1858 -0.9372 0.2951
2.52052 -1.13198 4.73976 0.545 0.82294 0.0896 -0.9818 0.1676
2.89962 1.45571 2.31898 0.545 0.375 -0.303 0.9498 0.0781
1.2211 0.941952 2.31898 0.5225 0.375 -0.1664 0.9787 0.1202
2.41389 1.16923 4.18299 0.545 0.42706 -0.1027 0.9804 0.1678
2.52052 -1.13198 4.73976 0.545 0.82294 0.0896 -0.9818 0.1676
2.4844 -0.368286 7.25266 0.545 0.75 0.081 -0.9526 0.2934
0.899974 -1.15969 4.90608 0.5225 0.82904 0.0215 -0.984 0.1769
5.57725 0.595491 4.08155 0.624622 0.5 0.9007 -0 0.4344
4.1321 0.482182 6.28726 0.575 0.5 0.729 -0 0.6845
5.57725 -0.362469 4.08155 0.624622 0.75 0.8992 -0.0002 0.4375
-5.57208 -0.362469 4.08155 0.375378 0.75 -0.8993 -0.0046 0.4374
-5.57964 0.595491 4.08587 0.375591 0.49989 -0.9007 -0.0046 0.4344
-6.0863 -0.362469 2.31898 0.394264 0.875 -0.9606 -0.0043 0.2778
-6.0863 0.637531 2.31898 0.394264 0.375 -0 -0 1
-6.90296 0.637531 2.31898 0.375 0.375 -0 -0 1
-6.0863 -0.362469 2.31898 0.394264 0.875 -0 -0 1
5.92187 -1.02785 0.39474 0.631233 0.649727 0.4117 -0.905 -0.1069
4.6376 -1.32112 0.304051 0.575 0.897559 0.1481 -0.9849 -0.0894
5.45436 -0.88558 -1.63858 0.589742 0.9375 0.2713 -0.9499 -0.1552
-7.31755 -0.362469 -1.11068 0.375 0.9375 -0.4404 -0.8644 -0.2426
-5.91988 -0.362469 -4.0321 0.375 0.994345 -0.3744 -0.8899 -0.2604
-6.2813 -1.04003 -0.96195 0.396378 0.9375 -0.4217 -0.8725 -0.2467
0.91794 0.291937 7.65795 0.5225 0.5 -0.077 0.9886 0.1294
0.800967 0.639092 4.10999 0.5225 0.42096 -0.0957 0.9866 0.132
-0.91794 0.291937 7.65795 0.4775 0.5 0.077 0.9886 0.1294
0.899974 -1.15969 4.90608 0.5225 0.82904 0.0215 -0.984 0.1769
0.91794 -0.316703 7.65795 0.5225 0.75 0.0189 -0.9561 0.2925
-0.899974 -1.15969 4.90608 0.4775 0.82904 -0.0215 -0.984 0.1769
6.0863 1.30291 2.31898 0.605736 0.375 0.4212 0.9056 -0.0487
5.87217 1.30291 0.204395 0.629556 0.325466 0.405 0.9067 -0.1177
4.9733 1.59618 2.31898 0.575 0.375 0.1376 0.9902 -0.0235
4.52689 1.04259 -2.33219 0.575 0.3125 0.1052 0.9656 -0.2379
4.53161 1.59618 -0.332148 0.575 0.352441 0.1179 0.984 -0.1334
5.45818 1.00229 -1.63581 0.589808 0.3125 0.3364 0.9115 -0.2365
-6.90296 0.63753 2.31898 0.375 0.375 -0.6228 0.7802 -0.0586
-6.0863 1.30291 2.31898 0.394264 0.375 -0.4154 0.9085 -0.0451
-6.76677 0.63753 0.689949 0.375 0.353985 -0.6201 0.7777 -0.1032
-6.76677 0.63753 0.689949 0.375 0.353985 -0.6201 0.7777 -0.1032
-5.8705 1.30291 0.204395 0.398258 0.353267 -0.4035 0.9071 -0.1194
-6.2813 0.637531 -0.961949 0.395922 0.3125 -0.6068 0.7633 -0.2217
6.90296 -0.362469 2.31898 0.625 0.875 0.6387 -0.7671 -0.0604
6.0863 -1.02785 2.31898 0.605736 0.875 0.4353 -0.8991 -0.0454
6.72158 -0.362469 0.587151 0.677005 0.447995 0.642 -0.759 -0.1089
-4.6376 -1.32112 0.304052 0.425 0.897559 -0.1482 -0.9849 -0.0894
-4.9733 -1.32112 2.31898 0.425 0.875 -0.1685 -0.9857 -0.0093
-5.92031 -1.02785 0.394739 0.397436 0.896708 -0.4118 -0.905 -0.1069
-4.52689 -0.88558 -2.33219 0.425 0.9375 -0.1345 -0.9757 -0.1732
-4.6376 -1.32112 0.304052 0.425 0.897559 -0.1482 -0.9849 -0.0894
-5.45436 -0.88558 -1.63858 -0 -0 -0.2715 -0.9499 -0.155
3.43566 0.150425 -7.72612 0.575 0.25 -0.3585 -0.3733 -0.8556
3.31546 -0.746695 -7.28434 0.575 0 -0.3585 -0.3733 -0.8556
2.82758 0.253711 -7.51638 0.545 0.25 -0.3585 -0.3733 -0.8556
-2.70738 -0.643408 -7.07459 0.455 0 0.3585 -0.3733 -0.8556
-3.31546 -0.746695 -7.28434 0.425 1 0.3585 -0.3733 -0.8556
-2.82758 0.253711 -7.51638 0.455 0.25 0.3585 -0.3733 -0.8556
4.27376 0.910854 -6.05401 0.575 0.25 0.0877 0.9684 -0.2334
3.43566 0.150425 -7.72612 0.575 0.25 0.0332 0.8989 -0.4369
3.25217 1.08344 -5.82022 -0 -0 0.0918 0.9718 -0.217
2.82758 0.253711 -7.51638 0.545 0.25 -0.9783 0.1897 0.0835
2.70738 -0.643408 -7.07459 0.545 1 -0.9805 0.1766 0.0863
3.07069 0.63745 -5.5674 -0 -0 -0.9673 0.2521 0.0263
2.88817 -0.362469 -5.5674 0.545 1 0.019 -0.9747 0.2228
2.70738 -0.643408 -7.07459 0.545 1 0.019 -0.9747 0.2229
4.08385 -0.362469 -5.96343 0.575 0 0.019 -0.9747 0.2228
3.31546 -0.746695 -7.28434 0.575 0 0.8855 -0.2427 -0.3962
3.43566 0.150425 -7.72612 0.575 0.25 0.886 -0.2404 -0.3965
4.08385 -0.362469 -5.96343 0.575 0 0.8855 -0.2426 -0.3962
-2.88817 -0.362469 -5.5674 0.455 0 0.9805 0.1766 0.0863
-2.70738 -0.643408 -7.07459 0.455 0 0.9805 0.1766 0.0863
-3.07069 0.63745 -5.5674 0.455 0.25 0.9675 0.2514 0.0278
-2.82758 0.253711 -7.51638 0.455 0.25 -0.0333 0.8989 -0.4369
-3.43566 0.150425 -7.72612 0.425 0.25 -0.0332 0.8989 -0.4369
-3.25217 1.08344 -5.82022 0.455 0.25 -0.1135 0.9711 -0.21
-4.28579 0.637531 -5.96343 0.425 0.25 -0.9233 -0.1756 -0.3415
-3.43566 0.150425 -7.72612 0.425 0.25 -0.886 -0.2403 -0.3965
-4.08385 -0.362469 -5.96343 0.425 1 -0.8855 -0.2426 -0.3962
-3.31546 -0.746695 -7.28434 0.425 1 -0.019 -0.9747 0.2229
-2.70738 -0.643408 -7.07459 0.455 0 -0.019 -0.9747 0.2229
-4.08385 -0.362469 -5.96343 0.425 1 -0.019 -0.9747 0.2228
-4.52689 1.33636 -2.33219 0.425 0.3125 0.5989 -0 0.8009
-5.45818 1.33636 -1.63581 0.410192 0.3125 0.6171 -0 0.7869
-4.52689 1.04259 -2.33219 0.425 0.3125 0.5989 -0 0.8009
-6.2813 0.637531 -0.961949 0.395922 0.3125 0.0246 -0 0.9997
-5.45818 1.00229 -1.63581 0.410192 0.3125 0.6199 -0 0.7847
-6.2813 1.15235 -0.961949 0.395922 0.3125 0.4493 -0 0.8934
6.2813 1.15235 -0.961949 -0 -0 -0.4493 -0 0.8934
6.2813 0.637531 -0.961949 -0 -0 -0.0246 -0 0.9997
7.31755 0.637531 -1.11068 0.396378 0.9375 0.1421 -0 0.9899
-2.92923 1.49635 -1.80841 0.575 0.25 -0.3073 -0 0.9516
-4.52689 1.33636 -2.33219 0.630001 0.255001 -0.3115 -0 0.9502
-2.92923 1.27252 -1.80841 0.575 0.25 -0.3073 -0 0.9516
4.52689 1.04259 -2.33219 0.57908 0.947917 0.3115 -0 0.9502
4.52689 1.33636 -2.33219 0.57908 0.947917 0.3115 -0 0.9502
2.92923 1.27252 -1.80841 0.625 0.9375 0.3073 -0 0.9516
-1.33546 1.0878 -1.30636 0.625 0.9375 -0.3005 -0 0.9538
-1.33546 1.19339 -1.30636 0.625 0.9375 -0.3005 -0 0.9538
-2.92923 1.27252 -1.80841 0.625 0.992499 -0.3073 -0 0.9516
2.92923 1.49635 -1.80841 0.425 0.25 0.3073 -0 0.9516
1.33546 1.19339 -1.30636 0.455 0.25 0.3005 -0 0.9538
2.92923 1.27252 -1.80841 0.425 0.25 0.3073 -0 0.9516
1.33546 1.0878 -1.30636 0.455 1 -0 -0 1
1.33546 1.19339 -1.30636 0.57908 0.947917 -0 -0 1
-1.33546 1.0878 -1.30636 0.425 1 -0 -0 1
5.45818 1.33636 -1.63581 0.575 0.25 -0.6171 -0 0.7869
5.45818 1.00229 -1.63581 0.575 0.25 -0.6199 -0 0.7847
6.2813 1.15235 -0.961949 -0 -0 -0.4493 -0 0.8934
5.45818 1.00229 -1.63581 0.575 0.3125 -0.6199 -0 0.7847
5.45818 1.33636 -1.63581 0.575 0.3125 -0.6171 -0 0.7869
4.52689 1.04259 -2.33219 0.545 0.3125 -0.5989 -0 0.8009
-6.2813 1.15235 -0.961949 0.575 1 0.4493 -0 0.8934
-7.31755 0.637531 -1.11068 0.545 1 -0.1421 -0 0.9899
-6.2813 0.637531 -0.961949 0.575 1 0.0246 -0 0.9997
-5.45436 -0.88558 -1.63858 0.455 0.9375 0.6202 -0 0.7845
-5.45436 -1.22404 -1.63858 0.455 0.9375 0.6167 -0 0.7872
-4.52689 -0.88558 -2.33219 0.4775 0.9375 0.5989 -0 0.8008
6.2813 -1.04003 -0.961949 0.5225 0.25 -0.4522 -0 0.8919
7.31755 -0.362469 -1.11068 -0 -0 0.1421 -0 0.9899
6.2813 -0.362469 -0.961949 0.5225 0.25 -0.0267 -0 0.9996
-4.52689 -0.88558 -2.33219 0.545 1 -0.2983 -0 0.9545
-4.52689 -1.30204 -2.33219 0.545 1 -0.2983 -0 0.9545
-2.85081 -1.13069 -1.80841 0.5225 1 -0.3048 -0 0.9524
2.85081 -1.49049 -1.80841 0.5225 0.3125 0.3059 -0 0.9521
4.52689 -1.30204 -2.33219 0.4775 0.3125 0.2983 -0 0.9545
2.85081 -1.13069 -1.80841 0.5225 0.3125 0.3049 -0 0.9524
-2.85081 -1.13069 -1.80841 0.4775 0.9375 -0.3048 -0 0.9524
-2.85081 -1.49049 -1.80841 0.4775 0.9375 -0.306 -0 0.952
-1.33546 -1.28633 -1.30636 0.5225 0.9375 -0.1307 -0 0.9914
1.33546 -1.58777 -1.30636 0.589808 0.3125 0.1231 -0 0.9924
2.85081 -1.49049 -1.80841 0.575 0.3125 0.3059 -0 0.9521
1.33546 -1.28633 -1.30636 0.589808 0.3125 0.1307 -0 0.9914
-1.33546 -1.28633 -1.30636 0.375 0.3125 -0.1307 -0 0.9914
-1.33546 -1.58777 -1.30636 0.375 0.3125 -0.1231 -0 0.9924
1.33546 -1.28633 -1.30636 0.37123 0.25377 0.1307 -0 0.9914
4.52689 -1.30204 -2.33219 -0 -0 -0.5989 -0 0.8008
5.45436 -1.22404 -1.63858 0.589742 0.9375 -0.6167 -0 0.7872
4.52689 -0.88558 -2.33219 -0 -0 -0.5989 -0 0.8008
6.2813 -0.362469 -0.961949 0.455 1 -0.0267 -0 0.9996
5.45436 -0.88558 -1.63858 0.589742 0.9375 -0.6202 -0 0.7845
6.2813 -1.04003 -0.961949 0.57908 0.947917 -0.4522 -0 0.8919
-6.2813 -1.04003 -0.96195 0.396378 0.9375 0.4522 -0 0.8919
-6.2813 -0.362469 -0.961949 0.395922 0.9375 0.0267 -0 0.9996
-7.31755 -0.362469 -1.11068 0.375 0.9375 -0.1421 -0 0.9899
-5.45436 -1.22404 -1.63858 0.4775 0.25 0.6167 -0 0.7872
-5.45436 -0.88558 -1.63858 0.4775 0.25 0.6202 -0 0.7845
-6.2813 -1.04003 -0.96195 0.396378 0.9375 0.4522 -0 0.8919
1.2211 1.02476 2.31898 0.5225 0.375 -0.151 0.9879 0.0351
1.2723 1.12552 0.31034 0.5225 0.347017 -0.1348 0.9908 -0.0101
-1.2211 1.02476 2.31898 0.4775 0.375 0.151 0.9879 0.0351
1.27626 -1.70107 0.294595 0.5225 0.902983 0.0231 -0.9957 -0.0892
1.2211 -1.60685 2.31898 0.5225 0.875 0.0256 -0.9987 0.0444
-1.27626 -1.70107 0.294595 0.4775 0.902983 -0.0232 -0.9957 -0.0892
6.72158 -0.362469 0.587151 0.677005 0.447995 0.9825 0.0015 -0.1861
6.2813 -0.362469 -0.961949 0.57908 0.947917 0.9622 0.0013 -0.2724
6.71847 0.637531 0.587151 0.677005 0.302005 0.9825 0.0015 -0.1863
-6.0863 -1.02785 2.31898 0.394264 0.875 -0 -0 1
-6.0863 -0.362469 2.31898 0.394264 0.875 -0 -0 1
-6.90296 -0.362469 2.31898 0.375 0.875 -0 -0 1
-4.9733 -0.913024 2.31898 0.425 0.875 -0 -0 1
-4.9733 -1.32112 2.31898 0.425 0.875 -0 -0 1
-2.89962 -1.15732 2.31898 0.455 0.875 -0 -0 1
-2.89962 -1.15732 2.31898 0.625 0.375 -0 -0 1
-2.89962 -1.50957 2.31898 0.625 0.375 -0 -0 1
-1.2211 -1.31296 2.31898 0.605736 0.375 -0 -0 1
2.89962 -1.50957 2.31898 0.5225 0.9375 -0 -0 1
4.9733 -1.32112 2.31898 0.4775 0.9375 -0 -0 1
2.89962 -1.15732 2.31898 0.5225 0.9375 -0 -0 1
1.2211 -1.60685 2.31898 0.410192 0.3125 -0 -0 1
2.89962 -1.50957 2.31898 0.425 0.3125 -0 -0 1
1.2211 -1.31296 2.31898 0.410192 0.3125 -0 -0 1
4.9733 -1.32112 2.31898 0.677005 0.447995 -0 -0 1
6.0863 -1.02785 2.31898 0.57908 0.947917 -0 -0 1
4.9733 -0.913024 2.31898 0.677005 0.447995 -0 -0 1
6.0863 -1.02785 2.31898 0.395922 0.9375 -0 -0 1
6.90296 -0.362469 2.31898 0.375 0.896015 -0 -0 1
6.0863 -0.362469 2.31898 0.395922 0.9375 -0 -0 1
-6.0863 -0.362469 2.31898 0.455 0.9375 -0 -0 1
-6.0863 -1.02785 2.31898 0.455 0.9375 -0 -0 1
-4.9733 -0.913024 2.31898 0.425 0.9375 -0 -0 1
-1.2211 -1.31296 2.31898 0.455 0.3125 -0 -0 1
-1.2211 -1.60685 2.31898 0.455 0.3125 -0 -0 1
1.2211 -1.31296 2.31898 0.4775 0.3125 -0 -0 1
6.71847 0.637531 0.587151 0.4775 0.9375 0.9939 -0 -0.1106
6.71847 0.637532 0.587151 0.4775 0.9375 0.9939 -0 -0.1107
6.90296 0.637531 2.31898 0.455 0.9375 0.9948 -0 -0.1023
6.90296 0.637531 2.31898 0.425 0.375 -0 -0 1
6.90296 0.637532 2.31898 0.425 0.375 -0 -0 1
6.0863 0.637531 2.31898 0.394264 0.375 -0 -0 1
-2.89962 1.73199 2.31898 0.589808 0.3125 -0 -0 1
-4.9733 1.59618 2.31898 -0 -0 -0 -0 1
-2.89962 1.45571 2.31898 0.589808 0.3125 -0 -0 1
4.9733 1.29314 2.31898 -0 -0 -0 -0 1
4.9733 1.59618 2.31898 -0 -0 -0 -0 1
2.89962 1.45571 2.31898 0.677005 0.302005 -0 -0 1
-1.2211 0.941952 2.31898 0.545 0.3125 -0 -0 1
-1.2211 1.02476 2.31898 0.545 0.3125 -0 -0 1
-2.89962 1.45571 2.31898 0.575 0.3125 -0 -0 1
2.89962 1.73199 2.31898 0.545 0.875 -0 -0 1
1.2211 1.02476 2.31898 0.575 0.875 -0 -0 1
2.89962 1.45571 2.31898 0.545 0.875 -0 -0 1
-4.9733 1.59618 2.31898 0.605736 0.375 -0 -0 1
-6.0863 1.30291 2.31898 0.575 0.375 -0 -0 1
-4.9733 1.29314 2.31898 0.605736 0.375 -0 -0 1
6.71847 0.637532 0.587151 0.375 0.375 0.962 -0 -0.2729
6.71847 0.637531 0.587151 0.375 0.375 0.962 -0 -0.2729
6.2813 0.637531 -0.961949 0.394264 0.375 0.5936 0.4165 0.6886
6.0863 0.637531 2.31898 0.395922 0.3125 -0 -0 1
6.0863 1.30291 2.31898 0.395922 0.3125 -0 -0 1
4.9733 1.29314 2.31898 0.410192 0.3125 -0 -0 1
-6.0863 1.30291 2.31898 0.625 0.875 -0 -0 1
-6.90296 0.63753 2.31898 0.677005 0.447995 -0 -0 1
-6.0863 0.637531 2.31898 0.625 0.875 -0 -0 1
-6.90296 0.63753 2.31898 0.394264 0.875 -0.9089 -0.3557 -0.2175
-6.76677 0.63753 0.689949 0.425 0.875 -0 -1 0
-6.90296 0.637531 2.31898 0.394264 0.875 -0.9461 -0.1369 0.2934
-6.76677 0.63753 0.689949 0.425 0.9375 -0 -1 0
-6.2813 0.637531 -0.961949 -0 -0 -0 -1 0
-6.71537 0.637531 0.58715 0.425 0.9375 -0 -1 0
1.2211 0.941952 2.31898 0.4775 0.875 -0 -0 1
1.2211 1.02476 2.31898 0.4775 0.875 -0 -0 1
-1.2211 0.941952 2.31898 0.5225 0.875 -0 -0 1
-3.25217 1.08344 -5.82022 0.455 0.25 0.932 0.3611 -0.032
-3.06628 1.3653 -3.46034 0.455 0.286467 0.941 0.3193 -0.1123
-3.07069 0.63745 -5.5674 0.455 0.25 0.9675 0.2514 0.0278
-4.27376 0.910854 -6.05401 0.545 0.3125 -0.9716 -0.0348 -0.2342
-3.43566 0.150425 -7.72612 -0 -0 -0.886 -0.2403 -0.3965
-4.28579 0.637531 -5.96343 0.545 0.3125 -0.9233 -0.1756 -0.3415
-3.25217 1.08344 -5.82022 0.545 0.3125 0.932 0.3611 -0.032
-3.07069 0.63745 -5.5674 0.545 0.3125 0.9675 0.2514 0.0278
-2.82758 0.253711 -7.51638 0.575 0.3125 0.9783 0.1897 0.0835
4.27376 0.910854 -6.05401 0.545 0.25 0.9731 -0.0327 -0.2279
4.4581 1.23945 -3.35583 0.566646 0.25 0.9973 0.0205 -0.0706
4.28579 0.637531 -5.96343 0.545 0.25 0.9244 -0.1741 -0.3395
3.25217 1.08344 -5.82022 0.425 0.25 -0.9322 0.3604 -0.0334
2.82758 0.253711 -7.51638 0.425 0.25 -0.9783 0.1897 0.0835
3.07069 0.63745 -5.5674 0.425 0.25 -0.9673 0.2521 0.0263
4.27376 0.910854 -6.05401 0.455 0.25 0.9731 -0.0327 -0.2279
4.28579 0.637531 -5.96343 0.455 0.25 0.9244 -0.1741 -0.3395
3.43566 0.150425 -7.72612 0.455 0.25 0.886 -0.2404 -0.3965
-4.28579 0.637531 -5.96343 0.425 0.25 -0.2434 0.9426 -0.2288
-5.91988 0.637531 -4.0321 0.37123 0.25377 -0.3182 0.924 -0.212
-4.44979 1.15127 -3.47955 0.425 0.292992 -0.1823 0.9708 -0.1559
-4.52689 -1.30204 -2.33219 0.425 0.9375 -0.2009 -0.9487 -0.244
-5.45436 -1.22404 -1.63858 -0 -0 -0.3209 -0.9089 -0.2662
-5.17077 -0.788624 -3.48957 0.410843 0.969086 -0.3518 -0.898 -0.2643
5.91988 0.637531 -4.0321 0.630001 0.255001 0.8397 -0.0337 -0.5421
7.31755 0.637531 -1.11068 0.6875 0.25 0.9021 -0 -0.4316
5.91988 -0.362469 -4.0321 0.632501 0 0.8397 -0.0337 -0.542
-5.91988 -0.362469 -4.0321 0.369345 0 -0.8397 -0.0337 -0.542
-7.31755 -0.362469 -1.11068 0.3125 0 -0.9021 -0 -0.4316
-5.91988 0.637531 -4.0321 0.37123 0.25377 -0.8397 -0.0337 -0.5421
4.28579 0.637531 -5.96343 0.575 0.25 0.2731 0.9318 -0.2391
4.4581 1.23945 -3.35583 0.575 0.294882 0.1797 0.9713 -0.1555
5.91988 0.637531 -4.0321 0.630001 0.255001 0.3254 0.9196 -0.2203
5.91988 -0.362469 -4.0321 0.625 0.992499 0.3805 -0.8851 -0.2679
7.31755 -0.362469 -1.11068 0.625 0.9375 0.4467 -0.8612 -0.2426
5.23426 -0.813519 -3.34505 0.577136 0.972733 0.3677 -0.8924 -0.2616
-4.44979 1.15127 -3.47955 0.425 0.292992 -0.1823 0.9708 -0.1559
-4.52689 1.33636 -2.33219 0.425 0.3125 -0.182 0.9705 -0.1583
-3.06628 1.3653 -3.46034 0.455 0.286467 0.0906 0.9788 -0.1835
-2.85081 -1.49049 -1.80841 0.455 0.9375 0.0811 -0.9622 -0.2601
-4.52689 -1.30204 -2.33219 0.425 0.9375 -0.2009 -0.9487 -0.244
-2.75985 -1.14142 -3.64226 0.507216 0.941884 0.0883 -0.9501 -0.2991
4.27376 0.910854 -6.05401 0.575 0.25 0.0877 0.9684 -0.2334
3.25217 1.08344 -5.82022 -0 -0 0.0918 0.9718 -0.217
4.4581 1.23945 -3.35583 0.575 0.29531 0.1797 0.9713 -0.1555
4.24679 -0.982606 -3.89064 0.162215 0.282113 0.1485 -0.9489 -0.2785
4.52689 -1.30204 -2.33219 -0 -0 0.2003 -0.9523 -0.2304
2.75584 -1.15927 -3.56776 0.218011 0.40002 -0.0996 -0.9513 -0.2916
-3.06628 1.3653 -3.46034 0.455 0.286467 0.0906 0.9788 -0.1835
-2.92923 1.49635 -1.80841 0.455 0.3125 0.1359 0.9849 -0.1069
-1.2702 0.933865 -3.43539 0.4775 0.263864 0.1208 0.9547 -0.2719
-1.33546 -1.58777 -1.30636 0.4775 0.9375 0.0509 -0.9369 -0.3459
-2.85081 -1.49049 -1.80841 0.455 0.9375 0.0811 -0.9622 -0.2601
-1.2702 -0.71072 -3.49593 0.4775 0.986136 0.0923 -0.9277 -0.3619
3.07069 0.63745 -5.5674 -0 -0 -0.3359 0.8537 -0.398
1.43077 0.423782 -4.04227 0.5225 0.25 -0.2287 0.8437 -0.4857
3.05922 1.37557 -3.37526 0.327236 0.187635 -0.1015 0.9783 -0.1805
2.75584 -1.15927 -3.56776 0.218011 0.40002 -0.0996 -0.9513 -0.2916
2.85081 -1.49049 -1.80841 -0 -0 -0.0785 -0.9646 -0.2517
1.27128 -0.722842 -3.46063 0.5225 0.98533 -0.0911 -0.9277 -0.3622
1.27128 0.939945 -3.40009 0.5225 0.26467 -0.119 0.9553 -0.2707
1.43077 0.423782 -4.04227 0.5225 0.25 -0.2287 0.8437 -0.4857
-1.2702 0.933865 -3.43539 0.4775 0.263864 0.1208 0.9547 -0.2719
1.33546 -1.58777 -1.30636 0.5225 0.9375 -0.0489 -0.9367 -0.3466
-1.33546 -1.58777 -1.30636 0.4775 0.9375 0.0509 -0.9369 -0.3459
1.27128 -0.722842 -3.46063 0.5225 0.98533 -0.0911 -0.9277 -0.3622
4.52689 1.33636 -2.33219 0.575 0.3125 0.1823 0.9736 -0.1375
5.45818 1.33636 -1.63581 0.589808 0.3125 0.2588 0.9489 -0.1809
5.33102 1.00357 -3.34371 0.273821 0.119053 0.3146 0.926 -0.2087
-5.91988 0.637531 -4.0321 0.37123 0.25377 -0.3182 0.924 -0.212
-7.31755 0.637531 -1.11068 0.375 0.3125 -0.3811 0.9034 -0.1964
-5.27226 0.982992 -3.49098 0.410626 0.280897 -0.2961 0.9321 -0.2089
4.52689 -1.30204 -2.33219 -0 -0 0.2003 -0.9523 -0.2304
5.23426 -0.813519 -3.34505 0.577136 0.972733 0.3677 -0.8924 -0.2616
5.45436 -1.22404 -1.63858 0.589742 0.9375 0.3234 -0.9113 -0.2549
-4.27376 0.910854 -6.05401 0.425 0.25 -0.9716 -0.0348 -0.2342
-4.28579 0.637531 -5.96343 0.425 0.25 -0.9233 -0.1756 -0.3415
-4.44979 1.15127 -3.47955 0.425 0.292992 -0.9973 0.0207 -0.0701
3.25217 1.08344 -5.82022 0.545 0.25 -0.9322 0.3604 -0.0334
3.07069 0.63745 -5.5674 0.545 0.25 -0.9673 0.2521 0.0263
3.05922 1.37557 -3.37526 0.215313 0.098767 -0.941 0.3192 -0.1124
0.898732 0.11332 4.23429 0.375 0.3125 0.9549 0.046 0.2933
1.35019 -0.060034 2.47962 0.375 0.38 0.992 0.0535 0.114
0.864431 0.92979 4.23429 0.416667 0.3125 0.9556 0.0461 0.2911
0.864431 0.92979 4.23429 0.416667 0.3125 0.4188 0.8629 0.283
1.28076 1.18283 2.47962 0.416667 0.38 0.4265 0.8954 0.1283
0 1.43703 4.00661 0.458333 0.3125 0.4243 0.8667 0.2622
0 1.86624 2.22189 0.458333 0.38 -0.4247 0.8982 0.1133
-1.28076 1.18283 2.47962 0.5 0.38 -0.4265 0.8954 0.1283
0 1.43703 4.00661 0.458333 0.3125 -0.4243 0.8667 0.2622
-1.28076 1.18283 2.47962 0.5 0.38 -0.9921 0.0535 0.1132
-1.35019 -0.060034 2.47962 0.541667 0.38 -0.992 0.0535 0.114
-0.864431 0.92979 4.23429 0.5 0.3125 -0.9556 0.0461 0.2911
-0.898732 0.113321 4.23429 0.541667 0.3125 -0.4333 -0.8675 0.2443
-1.35019 -0.060034 2.47962 0.541667 0.38 -0.4544 -0.8833 0.1153
0 -0.393918 4.00661 0.583333 0.3125 -0.4372 -0.8684 0.2338
0 -0.823131 2.22189 0.583333 0.38 0.4551 -0.8845 0.1029
1.35019 -0.060034 2.47962 0.625 0.38 0.4544 -0.8833 0.1153
0 -0.393918 4.00661 0.583333 0.3125 0.4372 -0.8684 0.2338
-0.864431 0.92979 4.23429 0.421875 0.291566 -0.4186 0.863 0.283
0 0.415596 6.11192 0.5 0.15625 -0.3817 0.8316 0.4035
0 1.43703 4.00661 0.34375 0.15625 -0.4243 0.8667 0.2622
0 -0.393918 4.00661 0.65625 0.15625 -0.4372 -0.8684 0.2338
0 0.415596 6.11192 0.5 0.15625 -0.3996 -0.8556 0.329
-0.898732 0.113321 4.23429 0.578125 0.291566 -0.4333 -0.8675 0.2443
0.864431 0.92979 4.23429 0.421875 0.020934 0.9556 0.0461 0.2911
0 0.415596 6.11192 0.5 0.15625 0.9037 0.038 0.4265
0.898732 0.11332 4.23429 0.578125 0.020934 0.9549 0.046 0.2933
0 -0.7354 -2.97454 0.583333 0.6005 0.3014 -0.9535 -0.0062
1.57179 -0.284804 -2.72022 0.5 0.6005 0.3179 -0.9481 -0.0109
0 -0.961047 -0.460194 0.583333 0.5375 0.4089 -0.9125 0.0161
-1.51664 -0.213563 -0.219706 0.541667 0.5375 -0.4164 -0.9089 0.0232
-1.57179 -0.284804 -2.72022 0.541667 0.6005 -0.3189 -0.9477 -0.0103
0 -0.961047 -0.460194 0.583333 0.5375 -0.4088 -0.9125 0.0161
-1.42801 1.39461 -0.219706 0.5 0.5375 -0.9977 0.0564 0.0379
-1.47608 1.28674 -2.66928 0.5 0.6005 -0.9983 0.0577 -0.0063
-1.51664 -0.213563 -0.219706 0.541667 0.5375 -0.9977 0.056 0.0379
0 1.73867 -2.97454 0.458333 0.6005 -0.3328 0.939 -0.0864
-1.47608 1.28674 -2.66928 0.5 0.6005 -0.3382 0.9375 -0.0814
0 2.00416 -0.460194 0.458333 0.5375 -0.3851 0.9228 -0.0031
1.42801 1.39461 -0.219706 0.416667 0.5375 0.3908 0.9204 0.0087
1.47608 1.28674 -2.66928 0.416667 0.6005 0.3382 0.9375 -0.0814
0 2.00416 -0.460194 0.458333 0.5375 0.3852 0.9228 -0.0031
1.57179 -0.284804 -2.72022 0.5 0.6005 0.9983 0.0577 -0.0111
1.47608 1.28674 -2.66928 0.416667 0.6005 0.9983 0.0577 -0.0063
1.51664 -0.213563 -0.219706 0.375 0.5375 0.9977 0.0564 0.0376
0 -0.961047 -0.460194 0.583333 0.5375 0.4089 -0.9125 0.0161
1.51664 -0.213563 -0.219706 0.625 0.5375 0.4165 -0.9088 0.0233
0 -0.823131 2.22189 0.583333 0.38 0.4551 -0.8845 0.1029
-1.35019 -0.060034 2.47962 0.541667 0.38 -0.4544 -0.8833 0.1153
-1.51664 -0.213563 -0.219706 0.541667 0.5375 -0.4164 -0.9089 0.0232
0 -0.823131 2.22189 0.583333 0.38 -0.4551 -0.8845 0.1029
-1.42801 1.39461 -0.219706 0.5 0.5375 -0.9977 0.0564 0.0379
-1.51664 -0.213563 -0.219706 0.541667 0.5375 -0.9977 0.056 0.0379
-1.28076 1.18283 2.47962 0.5 0.38 -0.9921 0.0535 0.1132
0 2.00416 -0.460194 0.458333 0.5375 -0.3851 0.9228 -0.0031
-1.42801 1.39461 -0.219706 0.5 0.5375 -0.3909 0.9204 0.0088
0 1.86624 2.22189 0.458333 0.38 -0.4247 0.8982 0.1133
1.28076 1.18283 2.47962 0.416667 0.38 0.4265 0.8954 0.1283
1.42801 1.39461 -0.219706 0.416667 0.5375 0.3908 0.9204 0.0087
0 1.86624 2.22189 0.458333 0.38 0.4247 0.8982 0.1133
1.35019 -0.060034 2.47962 0.375 0.38 0.992 0.0535 0.114
1.51664 -0.213563 -0.219706 0.375 0.5375 0.9977 0.0564 0.0376
1.28076 1.18283 2.47962 0.416667 0.38 0.9921 0.0535 0.1132
-1.22575 0.854658 -5.2163 0.5 0.6875 -0.9874 0.0963 -0.1255
-1.41854 -0.196824 -5.00098 0.541667 0.6875 -0.9906 -0.015 -0.1359
-1.41199 1.15879 -4.05212 0.5 0.6275 -0.9943 0.0697 -0.0803
0 1.18461 -5.38401 0.458333 0.6875 -0.2775 0.8948 -0.3497
-1.22575 0.854658 -5.2163 0.5 0.6875 -0.2775 0.8947 -0.35
0 1.5654 -4.1727 0.458333 0.6275 -0.2942 0.9351 -0.1977
1.41199 1.15879 -4.05212 0.416667 0.6275 0.2948 0.9365 -0.1898
1.22575 0.854658 -5.2163 0.416667 0.6875 0.2775 0.8947 -0.35
0 1.5654 -4.1727 0.458333 0.6275 0.2942 0.9351 -0.1977
1.49826 -0.491047 -4.0825 0.5 0.6275 0.994 0.0709 -0.0827
1.41854 -0.196824 -5.00098 0.5 0.6875 0.9906 -0.015 -0.1359
1.41199 1.15879 -4.05212 0.416667 0.6275 0.9943 0.0697 -0.0803
0 0.415596 6.11192 0.5 0.15625 0.3817 0.8316 0.4035
0.864431 0.92979 4.23429 0.421875 0.020934 0.4188 0.8629 0.283
0 1.43703 4.00661 0.34375 0.15625 0.4243 0.8667 0.2622
0 0.415596 6.11192 0.5 0.15625 0.3996 -0.8556 0.329
0 -0.393918 4.00661 0.65625 0.15625 0.4372 -0.8684 0.2338
0.898732 0.11332 4.23429 0.578125 0.020934 0.4333 -0.8675 0.2442
0 0.415596 6.11192 0.5 0.15625 -0.9037 0.038 0.4265
-0.864431 0.92979 4.23429 0.421875 0.291566 -0.9556 0.0461 0.2911
-0.898732 0.113321 4.23429 0.578125 0.291566 -0.9549 0.046 0.2933
1.27081 -0.290717 -5.81265 0.5 0.6875 0.1689 -0.3386 -0.9256
1.21832 -1.51995 -4.91303 0.625 0.6875 0.2869 -0.9151 -0.2833
0.25844 -0.673316 -5.90305 0.583333 0.6875 0.192 -0.4179 -0.888
-0.25844 -0.673316 -5.90305 0.583333 0.6875 0.9629 -0.1828 -0.1986
0 -0.622277 -5.02824 0.583333 0.6875 0.9479 -0.2761 -0.159
-0.465178 -1.73525 -4.91303 0.583333 0.6875 0.9321 -0.3524 -0.0836
-0.465178 -1.73525 -4.91303 0.583333 0.6875 -0.2858 -0.9337 -0.2155
-1.21832 -1.51995 -4.91303 0.541667 0.6875 -0.2869 -0.9151 -0.2833
-0.25844 -0.673316 -5.90305 0.583333 0.6875 -0.192 -0.4179 -0.888
-1.47608 1.28674 -2.66928 0.5 0.6005 -0.9983 0.0577 -0.0063
-1.41199 1.15879 -4.05212 0.5 0.6275 -0.9943 0.0697 -0.0803
-1.57179 -0.284804 -2.72022 0.541667 0.6005 -0.9983 0.0577 -0.0112
0 1.5654 -4.1727 0.458333 0.6275 -0.2942 0.9351 -0.1977
-1.41199 1.15879 -4.05212 0.5 0.6275 -0.2948 0.9365 -0.1898
0 1.73867 -2.97454 0.458333 0.6005 -0.3328 0.939 -0.0864
1.47608 1.28674 -2.66928 0.416667 0.6005 0.3382 0.9375 -0.0814
1.41199 1.15879 -4.05212 0.416667 0.6275 0.2948 0.9365 -0.1898
0 1.73867 -2.97454 0.458333 0.6005 0.3328 0.939 -0.0864
1.49826 -0.491047 -4.0825 0.5 0.6275 0.994 0.0709 -0.0827
1.41199 1.15879 -4.05212 0.416667 0.6275 0.9943 0.0697 -0.0803
1.57179 -0.284804 -2.72022 0.5 0.6005 0.9983 0.0577 -0.0111
1.23044 0.507453 -5.92031 0.416667 0.6875 0.0937 -0.0917 -0.9914
1.27081 -0.290717 -5.81265 0.5 0.6875 0.1689 -0.3386 -0.9256
0.155588 0.726328 -6.01215 0.458333 0.6875 0.0937 -0.0917 -0.9914
-0.25844 -0.673316 -5.90305 0.583333 0.6875 -0.192 -0.4179 -0.888
-1.27081 -0.290716 -5.81265 0.541667 0.6875 -0.1689 -0.3386 -0.9256
-0.155587 0.726328 -6.01215 0.458333 0.6875 -0.0937 -0.0917 -0.9914
0 1.18461 -5.38401 0.458333 0.6875 0.2775 0.8948 -0.3497
1.22575 0.854658 -5.2163 0.416667 0.6875 0.2775 0.8947 -0.35
0.155588 0.726328 -6.01215 0.458333 0.6875 0.2545 0.8408 -0.4778
0 1.18461 -5.38401 0.458333 0.6875 -0.9675 -0.0664 -0.244
0.155588 0.726328 -6.01215 0.458333 0.6875 -0.9675 -0.0664 -0.244
0 -0.622277 -5.02824 0.583333 0.6875 -0.9453 -0.2778 -0.171
0 1.18461 -5.38401 0.458333 0.6875 -0.2775 0.8948 -0.3497
-0.155587 0.726328 -6.01215 0.458333 0.6875 -0.2545 0.8408 -0.4778
-1.22575 0.854658 -5.2163 0.5 0.6875 -0.2775 0.8947 -0.35
-0.25844 -0.673316 -5.90305 0.583333 0.6875 0.9629 -0.1828 -0.1986
-0.155587 0.726328 -6.01215 0.458333 0.6875 0.9675 -0.0664 -0.244
0 -0.622277 -5.02824 0.583333 0.6875 0.9479 -0.2761 -0.159
-0.020378 -0.615209 -4.05212 0.583333 0.6275 -0.9452 -0.3224 -0.051
0 -0.622277 -5.02824 0.583333 0.6875 -0.9453 -0.2778 -0.171
0.465177 -1.73525 -4.91303 0.583333 0.6875 -0.9277 -0.3619 -0.0915
1.21832 -1.51995 -4.91303 0.625 0.6875 0.2869 -0.9151 -0.2833
1.18036 -1.06192 -3.28825 0.625 0.6875 0.2376 -0.9299 0.2808
0.465177 -1.73525 -4.91303 0.583333 0.6875 0.2855 -0.9338 -0.2155
-0.171662 -1.29675 -3.28825 0.645833 0.171875 -0.2376 -0.9299 0.2808
-1.18036 -1.06192 -3.28825 0.541667 0.6875 -0.2376 -0.9299 0.2808
-0.465178 -1.73525 -4.91303 0.583333 0.6875 -0.2858 -0.9337 -0.2155
-0.020378 -0.615209 -4.05212 0.583333 0.6275 0.1808 -0.9831 0.0277
1.49826 -0.491047 -4.0825 0.5 0.6275 0.1808 -0.9831 0.0277
0 -0.7354 -2.97454 0.583333 0.6005 0.3014 -0.9535 -0.0062
-1.57179 -0.284804 -2.72022 0.541667 0.6005 -0.3189 -0.9477 -0.0103
-1.49826 -0.491047 -4.0825 0.770833 0.81375 -0.183 -0.9826 0.0307
0 -0.7354 -2.97454 0.583333 0.6005 -0.3034 -0.9528 -0.0056
1.18036 -0.534334 -3.28825 0 1 -0 -0 1
0.171662 -0.76917 -3.28825 1 0.5 -0 -0 1
1.18036 -1.06192 -3.28825 -0 -0 -0 -0 1
-0.171662 -1.29675 -3.28825 0.645833 0.171875 -0 -0 1
-0.171662 -0.76917 -3.28825 0 0.5 -0 -0 1
-1.18036 -1.06192 -3.28825 1 0 -0 -0 1
1.49826 -0.491047 -4.0825 0 1 -0.1384 0.9839 0.1134
-0.020378 -0.615209 -4.05212 1 1 -0.1384 0.9839 0.1134
1.18036 -0.534334 -3.28825 -0 -0 -0.1384 0.9839 0.1134
-0.171662 -0.76917 -3.28825 0 0.5 0.1407 0.984 0.1095
-0.020378 -0.615209 -4.05212 0 1 0.1407 0.984 0.1095
-1.18036 -0.534333 -3.28825 1 0 0.1407 0.984 0.1095
-1.21832 -1.51995 -4.91303 0.541667 0.6875 -0.9801 -0.1911 -0.0544
-1.18036 -1.06192 -3.28825 0.541667 0.6875 -0.9452 -0.2688 0.1852
-1.49826 -0.491047 -4.0825 0.770833 0.81375 -0.9735 -0.2245 0.0435
1.21832 -1.51995 -4.91303 0.625 0.6875 0.9801 -0.1911 -0.0544
1.49826 -0.491047 -4.0825 0.5 0.6275 0.9735 -0.2245 0.0435
1.18036 -1.06192 -3.28825 -0 -0 0.9452 -0.2688 0.1852
1.49826 -0.491047 -4.0825 0.5 0.6275 0.9735 -0.2245 0.0435
1.21832 -1.51995 -4.91303 0.625 0.6875 0.9801 -0.1911 -0.0544
1.41854 -0.196824 -5.00098 0.5 0.6875 0.9906 -0.015 -0.1359
1.27081 -0.290717 -5.81265 0.5 0.6875 0.9902 -0.0304 -0.1363
1.23044 0.507453 -5.92031 0.416667 0.6875 0.987 0.1029 -0.1231
1.41854 -0.196824 -5.00098 0.5 0.6875 0.9906 -0.015 -0.1359
-1.27081 -0.290716 -5.81265 0.541667 0.6875 -0.9902 -0.0304 -0.1363
-1.21832 -1.51995 -4.91303 0.541667 0.6875 -0.9801 -0.1911 -0.0544
-1.41854 -0.196824 -5.00098 0.541667 0.6875 -0.9906 -0.015 -0.1359
-1.22575 0.854658 -5.2163 0.5 0.6875 -0.9874 0.0963 -0.1255
-1.23044 0.507454 -5.92031 0.5 0.6875 -0.987 0.103 -0.1231
-1.41854 -0.196824 -5.00098 0.541667 0.6875 -0.9906 -0.015 -0.1359
0.465177 -1.73525 -4.91303 0.583333 0.6875 -0.9277 -0.3619 -0.0915
0.171662 -1.29675 -3.28825 0.645833 0.171875 -0.9603 -0.279 -0.0075
-0.020378 -0.615209 -4.05212 0.583333 0.6275 -0.9452 -0.3224 -0.051
-0.171662 -0.76917 -3.28825 0 0.5 0.9687 -0.2467 -0.0283
-0.171662 -1.29675 -3.28825 0.645833 0.171875 0.9687 -0.2467 -0.0283
-0.020378 -0.615209 -4.05212 0.583333 0.6275 0.9517 -0.3016 -0.0568
-5.91988 -0.362469 -4.0321 0.369345 0 -0.8397 -0.0337 -0.542
-5.91988 0.637531 -4.0321 0.37123 0.25377 -0.8397 -0.0337 -0.5421
-4.28579 0.637531 -5.96343 0.425 0.25 -0.7418 -0.0749 -0.6664
-5.27226 0.982992 -3.49098 0.410626 0.280897 -0.2961 0.9321 -0.2089
-6.2813 1.15235 -0.961949 0.395922 0.3125 -0.3572 0.9131 -0.1968
-5.45818 1.33636 -1.63581 0.410192 0.3125 -0.2447 0.9493 -0.1972
-4.52689 1.33636 -2.33219 0.425 0.3125 -0.182 0.9705 -0.1583
-4.44979 1.15127 -3.47955 0.425 0.292992 -0.1823 0.9708 -0.1559
-5.27226 0.982992 -3.49098 0.410626 0.280897 -0.2961 0.9321 -0.2089
-4.08385 -0.362469 -5.96343 0.425 1 -0.0905 -0.9487 -0.3029
-4.38701 -1.00539 -3.47868 0.425 0.957233 -0.1587 -0.9496 -0.2702
-5.17077 -0.788624 -3.48957 0.410843 0.969086 -0.3518 -0.898 -0.2643
5.91988 -0.362469 -4.0321 0.632501 0 0.8397 -0.0337 -0.542
4.08385 -0.362469 -5.96343 0.575 0 0.7418 -0.0749 -0.6664
4.28579 0.637531 -5.96343 0.575 0.25 0.7418 -0.0749 -0.6664
5.33102 1.00357 -3.34371 0.273821 0.119053 0.3146 0.926 -0.2087
6.2813 1.15235 -0.961949 -0 -0 0.3652 0.9104 -0.1942
7.31755 0.637531 -1.11068 0.625 0.3125 0.387 0.9009 -0.1966
5.57725 -0.362469 4.08155 0.624622 0.75 0.4339 -0.8866 0.1604
4.15917 -0.984965 4.41839 0.575 0.806772 0.2121 -0.9661 0.1474
4.9733 -0.913024 2.31898 0.575 0.875 0.2742 -0.9587 0.076
4.24679 -0.982606 -3.89064 0.162215 0.282113 0.1485 -0.9489 -0.2785
4.08385 -0.362469 -5.96343 0.575 1 0.0832 -0.9435 -0.3208
5.91988 -0.362469 -4.0321 0.625 0.992499 0.3805 -0.8851 -0.2679
-4.44979 1.15127 -3.47955 0.425 0.292992 -0.1823 0.9708 -0.1559
-3.06628 1.3653 -3.46034 0.455 0.286467 0.0906 0.9788 -0.1835
-3.25217 1.08344 -5.82022 0.455 0.25 -0.1135 0.9711 -0.21
-2.41389 1.16923 4.18299 0.455 0.42706 0.1027 0.9805 0.1678
-4.15917 1.10975 4.41839 0.425 0.443228 -0.1495 0.9641 0.2196
-4.1321 0.482182 6.28726 0.425 0.5 -0.0824 0.9576 0.2762
-4.1321 -0.385725 6.28726 0.425 0.75 -0.7247 -0.003 0.6891
-2.4844 -0.368286 7.25266 0.455 0.75 -0.4047 -0.0002 0.9144
-2.4844 0.395007 7.25266 0.455 0.5 -0.4074 -0 0.9132
-2.89962 -1.15732 2.31898 0.455 0.875 -0.0844 -0.996 0.0295
-2.52052 -1.13198 4.73976 0.455 0.82294 -0.0896 -0.9818 0.1676
-4.15917 -0.984965 4.41839 0.425 0.806772 -0.2122 -0.966 0.1475
-2.88817 -0.362469 -5.5674 0.57908 0.947917 0.0494 -0.9438 -0.3267
-2.75985 -1.14142 -3.64226 0.507216 0.941884 0.0883 -0.9501 -0.2991
-4.38701 -1.00539 -3.47868 0.425 0.957233 -0.1587 -0.9496 -0.2702
-6.71847 -0.362469 0.587151 0.375 0.896015 -0.6423 -0.7587 -0.1091
-5.92031 -1.02785 0.394739 0.397436 0.896708 -0.4118 -0.905 -0.1069
-6.0863 -1.02785 2.31898 0.394264 0.875 -0.4357 -0.8989 -0.0459
-4.6376 -1.32112 0.304052 0.425 0.897559 -0.1482 -0.9849 -0.0894
-2.81779 -1.58464 0.276449 0.455 0.900369 -0.0905 -0.9918 -0.0906
-2.89962 -1.50957 2.31898 0.455 0.875 -0.0939 -0.9953 0.0217
6.71847 0.637532 0.587151 0.677005 0.302005 0.6277 0.7707 -0.1097
5.87217 1.30291 0.204395 0.629556 0.325466 0.405 0.9067 -0.1177
6.0863 1.30291 2.31898 0.605736 0.375 0.4212 0.9056 -0.0487
-2.84264 1.68342 0.154435 0.455 0.349631 0.1178 0.9902 -0.0748
-4.53161 1.59618 -0.332149 0.425 0.352441 -0.118 0.984 -0.1334
-4.9733 1.59618 2.31898 0.425 0.375 -0.1377 0.9902 -0.0236
4.52689 1.33636 -2.33219 0.575 0.3125 0.1823 0.9736 -0.1375
4.4581 1.23945 -3.35583 0.575 0.29531 0.1797 0.9713 -0.1555
3.05922 1.37557 -3.37526 0.332138 0.190446 -0.1015 0.9783 -0.1805
4.9733 1.59618 2.31898 0.575 0.375 0.1376 0.9902 -0.0235
4.53161 1.59618 -0.332148 0.575 0.352441 0.1179 0.984 -0.1334
2.84264 1.68342 0.154435 0.545 0.349631 -0.1178 0.9902 -0.0748
4.1321 0.482182 6.28726 0.575 0.5 0.0825 0.9576 0.2762
4.15917 1.10975 4.41839 0.575 0.443228 0.1496 0.964 0.2197
2.41389 1.16923 4.18299 0.545 0.42706 -0.1027 0.9804 0.1678
2.4844 0.395007 7.25266 0.545 0.5 0.4074 -0 0.9132
2.4844 -0.368286 7.25266 0.545 0.75 0.4047 -0 0.9144
4.1321 -0.385725 6.28726 0.575 0.75 0.7247 -0 0.6891
4.15917 -0.984965 4.41839 0.575 0.806772 0.2121 -0.9661 0.1474
2.52052 -1.13198 4.73976 0.545 0.82294 0.0896 -0.9818 0.1676
2.89962 -1.15732 2.31898 0.545 0.875 0.0844 -0.996 0.0295
4.6376 -1.32112 0.304051 0.575 0.897559 0.1481 -0.9849 -0.0894
2.81779 -1.58464 0.276449 0.545 0.900369 0.0905 -0.9918 -0.0906
2.85081 -1.13069 -1.80841 -0 -0 0.0951 -0.9754 -0.1987
4.24679 -0.982606 -3.89064 0.162215 0.282113 0.1485 -0.9489 -0.2785
2.75584 -1.15927 -3.56776 0.218011 0.40002 -0.0996 -0.9513 -0.2916
2.88817 -0.362469 -5.5674 0.545 1 -0.0925 -0.9349 -0.3428
-2.88817 -0.362469 -5.5674 0.455 0 0.6819 0.1317 -0.7195
-3.07069 0.63745 -5.5674 0.455 0.25 0.6819 0.1317 -0.7195
-1.43077 0.423782 -4.04227 0.4775 0.25 0.3987 0.077 -0.9139
-3.06628 1.3653 -3.46034 0.455 0.286467 0.0906 0.9788 -0.1835
-1.2702 0.933865 -3.43539 0.4775 0.263864 0.1208 0.9547 -0.2719
-1.43077 0.423782 -4.04227 0.4775 0.25 0.233 0.8381 -0.4933
-1.2723 1.12552 0.31034 0.4775 0.347017 0.1348 0.9908 -0.0101
-2.84264 1.68342 0.154435 0.455 0.349631 0.1178 0.9902 -0.0748
-2.89962 1.73199 2.31898 0.455 0.375 0.3623 0.932 0.0122
-0.800967 0.639092 4.10999 0.4775 0.42096 0.0957 0.9866 0.1319
-2.41389 1.16923 4.18299 0.455 0.42706 0.1027 0.9805 0.1678
-2.4844 0.395007 7.25266 0.455 0.5 0.1034 0.9735 0.2038
-2.4844 -0.368286 7.25266 0.455 0.75 -0.4047 -0.0002 0.9144
-0.91794 -0.316703 7.65795 0.4775 0.75 -0.1275 -0 0.9918
-0.91794 0.291937 7.65795 0.4775 0.5 -0.1288 -0 0.9917
-1.2211 -1.31296 2.31898 0.4775 0.875 -0.0269 -0.9983 0.0519
-0.899974 -1.15969 4.90608 0.4775 0.82904 -0.0215 -0.984 0.1769
-2.52052 -1.13198 4.73976 0.455 0.82294 -0.0896 -0.9818 0.1676
-2.81779 -1.58464 0.276449 0.455 0.900369 -0.0905 -0.9918 -0.0906
-1.27626 -1.70107 0.294595 0.4775 0.902983 -0.0232 -0.9957 -0.0892
-1.2211 -1.60685 2.31898 0.4775 0.875 -0.0256 -0.9987 0.0444
-1.2516 -0.448834 -4.04227 0.4775 1 0.1992 -0.8936 -0.4021
-1.2702 -0.71072 -3.49593 0.4775 0.986136 0.0923 -0.9277 -0.3619
-2.75985 -1.14142 -3.64226 0.507216 0.941884 0.0883 -0.9501 -0.2991
1.43077 0.423782 -4.04227 0.5225 0.25 -0.3987 0.077 -0.9138
3.07069 0.63745 -5.5674 -0 -0 -0.6819 0.1317 -0.7195
2.88817 -0.362469 -5.5674 0.545 0 -0.6819 0.1317 -0.7195
2.92923 1.49635 -1.80841 0.545 0.3125 -0.144 0.9847 -0.0982
3.05922 1.37557 -3.37526 0.327236 0.187635 -0.1015 0.9783 -0.1805
1.27128 0.939945 -3.40009 0.5225 0.26467 -0.119 0.9553 -0.2707
2.89962 1.73199 2.31898 0.545 0.375 -0.3623 0.932 0.0122
2.84264 1.68342 0.154435 0.545 0.349631 -0.1178 0.9902 -0.0748
1.2723 1.12552 0.31034 0.5225 0.347017 -0.1348 0.9908 -0.0101
2.4844 0.395007 7.25266 0.545 0.5 -0.1034 0.9735 0.2038
2.41389 1.16923 4.18299 0.545 0.42706 -0.1027 0.9804 0.1678
0.800967 0.639092 4.10999 0.5225 0.42096 -0.0957 0.9866 0.132
0.91794 0.291937 7.65795 0.5225 0.5 0.1283 -0 0.9917
0.91794 -0.316703 7.65795 0.5225 0.75 0.1275 -0 0.9918
2.4844 -0.368286 7.25266 0.545 0.75 0.4047 -0 0.9144
2.52052 -1.13198 4.73976 0.545 0.82294 0.0896 -0.9818 0.1676
0.899974 -1.15969 4.90608 0.5225 0.82904 0.0215 -0.984 0.1769
1.2211 -1.31296 2.31898 0.5225 0.875 0.0269 -0.9983 0.0519
2.81779 -1.58464 0.276449 0.545 0.900369 0.0905 -0.9918 -0.0906
1.27626 -1.70107 0.294595 0.5225 0.902983 0.0231 -0.9957 -0.0892
1.33546 -1.28633 -1.30636 0.5225 0.9375 0.0219 -0.9704 -0.2404
2.75584 -1.15927 -3.56776 0.218011 0.40002 -0.0996 -0.9513 -0.2916
1.27128 -0.722842 -3.46063 0.5225 0.98533 -0.0911 -0.9277 -0.3622
1.2516 -0.448834 -4.04227 0.5225 1 -0.1981 -0.8955 -0.3986
1.2516 -0.448834 -4.04227 0.5225 0 -0.3018 0.0583 -0.9516
-1.2516 -0.448834 -4.04227 0.4775 0 0.3017 0.0583 -0.9516
-1.43077 0.423782 -4.04227 0.4775 0.25 0.3987 0.077 -0.9139
1.27128 0.939945 -3.40009 0.5225 0.26467 -0.119 0.9553 -0.2707
-1.2702 0.933865 -3.43539 0.4775 0.263864 0.1208 0.9547 -0.2719
-1.33546 1.19339 -1.30636 0.4775 0.3125 0.0768 0.9903 -0.1158
1.33546 1.0878 -1.30636 0.5225 0.3125 -0.1182 0.9902 -0.0739
-1.33546 1.0878 -1.30636 0.4775 0.3125 0.1182 0.9902 -0.0739
-1.2723 1.12552 0.31034 0.4775 0.347017 0.1348 0.9908 -0.0101
1.2211 0.941952 2.31898 0.5225 0.375 -0.1664 0.9787 0.1202
-1.2211 0.941952 2.31898 0.4775 0.375 0.1664 0.9787 0.1202
-0.800967 0.639092 4.10999 0.4775 0.42096 0.0957 0.9866 0.1319
0.91794 0.291937 7.65795 0.5225 0.5 0.1283 -0 0.9917
-0.91794 0.291937 7.65795 0.4775 0.5 -0.1288 -0 0.9917
-0.91794 -0.316703 7.65795 0.4775 0.75 -0.1275 -0 0.9918
0.899974 -1.15969 4.90608 0.5225 0.82904 0.0215 -0.984 0.1769
-0.899974 -1.15969 4.90608 0.4775 0.82904 -0.0215 -0.984 0.1769
-1.2211 -1.31296 2.31898 0.4775 0.875 -0.0269 -0.9983 0.0519
1.27626 -1.70107 0.294595 0.5225 0.902983 0.0231 -0.9957 -0.0892
-1.27626 -1.70107 0.294595 0.4775 0.902983 -0.0232 -0.9957 -0.0892
-1.33546 -1.28633 -1.30636 0.4775 0.9375 -0.0219 -0.9704 -0.2404
-1.2702 -0.71072 -3.49593 0.4775 0.986136 0.0923 -0.9277 -0.3619
-1.2516 -0.448834 -4.04227 0.4775 1 0.1992 -0.8936 -0.4021
1.2516 -0.448834 -4.04227 0.5225 1 -0.1981 -0.8955 -0.3986
-4.9733 -0.913024 2.31898 0.425 0.875 -0.2745 -0.9586 0.0764
-4.15917 -0.984965 4.41839 0.425 0.806772 -0.2122 -0.966 0.1475
-5.57208 -0.362469 4.08155 0.375378 0.75 -0.4347 -0.886 0.161
-4.53161 1.59618 -0.332149 0.425 0.352441 -0.118 0.984 -0.1334
-4.52689 1.04259 -2.33219 0.425 0.3125 -0.1052 0.9656 -0.2379
-5.45818 1.00229 -1.63581 0.410192 0.3125 -0.3383 0.9108 -0.2365
6.0863 -0.362469 2.31898 0.605736 0.875 0.9607 -0 0.2775
6.0863 0.637531 2.31898 0.605736 0.375 0.9607 -0 0.2775
5.57725 0.595491 4.08155 0.624622 0.5 0.9007 -0 0.4344
-4.1321 0.482182 6.28726 0.425 0.5 -0.729 -0.003 0.6845
-5.57964 0.595491 4.08587 0.375591 0.49989 -0.9007 -0.0046 0.4344
-5.57208 -0.362469 4.08155 0.375378 0.75 -0.8993 -0.0046 0.4374
6.0863 0.637531 2.31898 0.605736 0.375 -0 -0 1
6.0863 -0.362469 2.31898 0.605736 0.875 -0 -0 1
6.90296 -0.362469 2.31898 0.625 0.875 -0 -0 1
5.92187 -1.02785 0.39474 0.631233 0.649727 0.4117 -0.905 -0.1069
5.45436 -0.88558 -1.63858 0.589742 0.9375 0.2713 -0.9499 -0.1552
6.2813 -0.362469 -0.961949 0.57908 0.947917 0.6439 -0.7405 -0.1926
-6.71537 0.637531 0.58715 0.271015 0.25 -0.9825 0.0015 -0.1863
-6.2813 0.637531 -0.961949 0.395922 0.3125 -0.9627 0.0015 -0.2707
-6.2813 -0.362469 -0.961949 0.395922 0.9375 -0.9626 0.0016 -0.2708
6.2813 0.637531 -0.961949 -0 -0 -0.0246 -0 0.9997
6.2813 -0.362469 -0.961949 0.57908 0.947917 -0.0267 -0 0.9996
7.31755 -0.362469 -1.11068 0.625 0.9375 0.1421 -0 0.9899
-6.2813 -0.362469 -0.961949 0.395922 0.9375 0.0267 -0 0.9996
-6.2813 0.637531 -0.961949 0.395922 0.3125 0.0246 -0 0.9997
-7.31755 0.637531 -1.11068 0.375 0.3125 -0.1421 -0 0.9899
-5.92031 -1.02785 0.394739 0.397436 0.896708 -0.4118 -0.905 -0.1069
-6.71847 -0.362469 0.587151 0.375 0.896015 -0.6423 -0.7587 -0.1091
-6.2813 -0.362469 -0.961949 0.395922 0.9375 -0.6441 -0.7405 -0.1918
-2.85081 -1.13069 -1.80841 0.455 0.9375 -0.095 -0.9754 -0.1989
-2.81779 -1.58464 0.276449 0.455 0.900369 -0.0905 -0.9918 -0.0906
-4.6376 -1.32112 0.304052 0.425 0.897559 -0.1482 -0.9849 -0.0894
-2.92923 1.27252 -1.80841 0.455 0.3125 0.0784 0.9767 -0.2
-4.52689 1.04259 -2.33219 0.425 0.3125 -0.1052 0.9656 -0.2379
-4.53161 1.59618 -0.332149 0.425 0.352441 -0.118 0.984 -0.1334
-1.33546 1.0878 -1.30636 0.4775 0.3125 0.1182 0.9902 -0.0739
-2.92923 1.27252 -1.80841 0.455 0.3125 0.0784 0.9767 -0.2
-2.84264 1.68342 0.154435 0.455 0.349631 0.1178 0.9902 -0.0748
-1.33546 -1.28633 -1.30636 0.4775 0.9375 -0.0219 -0.9704 -0.2404
-1.27626 -1.70107 0.294595 0.4775 0.902983 -0.0232 -0.9957 -0.0892
-2.81779 -1.58464 0.276449 0.455 0.900369 -0.0905 -0.9918 -0.0906
-6.90296 0.637531 2.31898 0.25 0.25 -0.9943 0.0015 -0.1068
-6.71537 0.637531 0.58715 0.271015 0.25 -0.9825 0.0015 -0.1863
-6.71847 -0.362469 0.587151 0.271015 0 -0.9825 0.0015 -0.1862
-4.9733 1.59618 2.31898 0.425 0.375 -0.1377 0.9902 -0.0236
-4.53161 1.59618 -0.332149 0.425 0.352441 -0.118 0.984 -0.1334
-5.8705 1.30291 0.204395 0.398258 0.353267 -0.4035 0.9071 -0.1194
6.2813 0.637531 -0.961949 -0 -0 0.6095 0.7615 -0.2206
5.45818 1.00229 -1.63581 0.589808 0.3125 0.3364 0.9115 -0.2365
5.87217 1.30291 0.204395 0.629556 0.325466 0.405 0.9067 -0.1177
2.92923 1.27252 -1.80841 0.545 0.3125 -0.0783 0.9767 -0.1999
2.84264 1.68342 0.154435 0.545 0.349631 -0.1178 0.9902 -0.0748
4.53161 1.59618 -0.332148 0.575 0.352441 0.1179 0.984 -0.1334
2.89962 -1.50957 2.31898 0.545 0.875 0.0939 -0.9953 0.0217
2.81779 -1.58464 0.276449 0.545 0.900369 0.0905 -0.9918 -0.0906
4.6376 -1.32112 0.304051 0.575 0.897559 0.1481 -0.9849 -0.0894
1.33546 1.0878 -1.30636 0.5225 0.3125 -0.1182 0.9902 -0.0739
1.2723 1.12552 0.31034 0.5225 0.347017 -0.1348 0.9908 -0.0101
2.84264 1.68342 0.154435 0.545 0.349631 -0.1178 0.9902 -0.0748
1.2211 -1.60685 2.31898 0.5225 0.875 0.0256 -0.9987 0.0444
1.27626 -1.70107 0.294595 0.5225 0.902983 0.0231 -0.9957 -0.0892
2.81779 -1.58464 0.276449 0.545 0.900369 0.0905 -0.9918 -0.0906
4.9733 -1.32112 2.31898 0.575 0.875 0.1685 -0.9857 -0.0093
4.6376 -1.32112 0.304051 0.575 0.897559 0.1481 -0.9849 -0.0894
5.92187 -1.02785 0.39474 0.631233 0.649727 0.4117 -0.905 -0.1069
6.90296 0.637531 2.31898 0.75 0.25 0.9945 0.0013 -0.1049
6.90296 -0.362469 2.31898 0.75 0 0.9945 0.0015 -0.105
6.72158 -0.362469 0.587151 0.677005 0.447995 0.9825 0.0015 -0.1861
-2.89962 1.45571 2.31898 0.455 0.375 -0.0495 0.9898 0.1334
-4.9733 1.29314 2.31898 0.425 0.375 -0.2496 0.9532 0.1704
-4.15917 1.10975 4.41839 0.425 0.443228 -0.1495 0.9641 0.2196
-4.1321 -0.385725 6.28726 0.425 0.75 -0.1858 -0.9372 0.2951
-4.15917 -0.984965 4.41839 0.425 0.806772 -0.2122 -0.966 0.1475
-2.52052 -1.13198 4.73976 0.455 0.82294 -0.0896 -0.9818 0.1676
-1.2211 0.941952 2.31898 0.4775 0.375 0.1664 0.9787 0.1202
-2.89962 1.45571 2.31898 0.455 0.375 0.303 0.9498 0.0781
-2.41389 1.16923 4.18299 0.455 0.42706 0.1027 0.9805 0.1678
-2.4844 -0.368286 7.25266 0.455 0.75 -0.081 -0.9526 0.2934
-2.52052 -1.13198 4.73976 0.455 0.82294 -0.0896 -0.9818 0.1676
-0.899974 -1.15969 4.90608 0.4775 0.82904 -0.0215 -0.984 0.1769
-4.9733 1.29314 2.31898 0.425 0.375 -0.2496 0.9532 0.1704
-6.0863 0.637531 2.31898 0.394264 0.375 -0.4323 0.8795 0.1989
-5.57964 0.595491 4.08587 0.375591 0.49989 -0.4239 0.8791 0.218
4.9733 1.29314 2.31898 0.575 0.375 0.2497 0.9532 0.1707
4.15917 1.10975 4.41839 0.575 0.443228 0.1496 0.964 0.2197
5.57725 0.595491 4.08155 0.624622 0.5 0.4246 0.8786 0.2185
2.89962 1.45571 2.31898 0.545 0.375 0.0492 0.9898 0.1336
2.41389 1.16923 4.18299 0.545 0.42706 -0.1027 0.9804 0.1678
4.15917 1.10975 4.41839 0.575 0.443228 0.1496 0.964 0.2197
4.1321 -0.385725 6.28726 0.575 0.75 0.1858 -0.9372 0.2951
2.4844 -0.368286 7.25266 0.545 0.75 0.081 -0.9526 0.2934
2.52052 -1.13198 4.73976 0.545 0.82294 0.0896 -0.9818 0.1676
1.2211 0.941952 2.31898 0.5225 0.375 -0.1664 0.9787 0.1202
0.800967 0.639092 4.10999 0.5225 0.42096 -0.0957 0.9866 0.132
2.41389 1.16923 4.18299 0.545 0.42706 -0.1027 0.9804 0.1678
2.4844 -0.368286 7.25266 0.545 0.75 0.081 -0.9526 0.2934
0.91794 -0.316703 7.65795 0.5225 0.75 0.0189 -0.9561 0.2925
0.899974 -1.15969 4.90608 0.5225 0.82904 0.0215 -0.984 0.1769
4.1321 0.482182 6.28726 0.575 0.5 0.729 -0 0.6845
4.1321 -0.385725 6.28726 0.575 0.75 0.7247 -0 0.6891
5.57725 -0.362469 4.08155 0.624622 0.75 0.8992 -0.0002 0.4375
-5.57964 0.595491 4.08587 0.375591 0.49989 -0.9007 -0.0046 0.4344
-6.0863 0.637531 2.31898 0.394264 0.375 -0.9606 -0.0043 0.2778
-6.0863 -0.362469 2.31898 0.394264 0.875 -0.9606 -0.0043 0.2778
-6.90296 0.637531 2.31898 0.375 0.375 -0 -0 1
-6.90296 -0.362469 2.31898 0.25 0 -0 -0 1
-6.0863 -0.362469 2.31898 0.394264 0.875 -0 -0 1
4.6376 -1.32112 0.304051 0.575 0.897559 0.1481 -0.9849 -0.0894
4.52689 -0.88558 -2.33219 -0 -0 0.1345 -0.9757 -0.1732
5.45436 -0.88558 -1.63858 0.589742 0.9375 0.2713 -0.9499 -0.1552
-5.91988 -0.362469 -4.0321 0.375 0.994345 -0.3744 -0.8899 -0.2604
-5.17077 -0.788624 -3.48957 0.410843 0.969086 -0.3518 -0.898 -0.2643
-6.2813 -1.04003 -0.96195 0.396378 0.9375 -0.4217 -0.8725 -0.2467
0.800967 0.639092 4.10999 0.5225 0.42096 -0.0957 0.9866 0.132
-0.800967 0.639092 4.10999 0.4775 0.42096 0.0957 0.9866 0.1319
-0.91794 0.291937 7.65795 0.4775 0.5 0.077 0.9886 0.1294
0.91794 -0.316703 7.65795 0.5225 0.75 0.0189 -0.9561 0.2925
-0.91794 -0.316703 7.65795 0.4775 0.75 -0.0188 -0.9561 0.2925
-0.899974 -1.15969 4.90608 0.4775 0.82904 -0.0215 -0.984 0.1769
5.87217 1.30291 0.204395 0.629556 0.325466 0.405 0.9067 -0.1177
4.53161 1.59618 -0.332148 0.575 0.352441 0.1179 0.984 -0.1334
4.9733 1.59618 2.31898 0.575 0.375 0.1376 0.9902 -0.0235
4.53161 1.59618 -0.332148 0.575 0.352441 0.1179 0.984 -0.1334
5.87217 1.30291 0.204395 0.629556 0.325466 0.405 0.9067 -0.1177
5.45818 1.00229 -1.63581 0.589808 0.3125 0.3364 0.9115 -0.2365
-6.0863 1.30291 2.31898 0.394264 0.375 -0.4154 0.9085 -0.0451
-5.8705 1.30291 0.204395 0.398258 0.353267 -0.4035 0.9071 -0.1194
-6.76677 0.63753 0.689949 0.375 0.353985 -0.6201 0.7777 -0.1032
-5.8705 1.30291 0.204395 0.398258 0.353267 -0.4035 0.9071 -0.1194
-5.45818 1.00229 -1.63581 0.410192 0.3125 -0.3383 0.9108 -0.2365
-6.2813 0.637531 -0.961949 0.395922 0.3125 -0.6068 0.7633 -0.2217
6.0863 -1.02785 2.31898 0.605736 0.875 0.4353 -0.8991 -0.0454
5.92187 -1.02785 0.39474 0.631233 0.649727 0.4117 -0.905 -0.1069
6.72158 -0.362469 0.587151 0.677005 0.447995 0.642 -0.759 -0.1089
-4.9733 -1.32112 2.31898 0.425 0.875 -0.1685 -0.9857 -0.0093
-6.0863 -1.02785 2.31898 0.394264 0.875 -0.4357 -0.8989 -0.0459
-5.92031 -1.02785 0.394739 0.397436 0.896708 -0.4118 -0.905 -0.1069
-4.6376 -1.32112 0.304052 0.425 0.897559 -0.1482 -0.9849 -0.0894
-5.92031 -1.02785 0.394739 0.397436 0.896708 -0.4118 -0.905 -0.1069
-5.45436 -0.88558 -1.63858 -0 -0 -0.2715 -0.9499 -0.155
3.31546 -0.746695 -7.28434 0.575 0 -0.3585 -0.3733 -0.8556
2.70738 -0.643408 -7.07459 0.545 1 -0.3585 -0.3733 -0.8556
2.82758 0.253711 -7.51638 0.545 0.25 -0.3585 -0.3733 -0.8556
-3.31546 -0.746695 -7.28434 0.425 1 0.3585 -0.3733 -0.8556
-3.43566 0.150425 -7.72612 0.425 0.25 0.3585 -0.3733 -0.8556
-2.82758 0.253711 -7.51638 0.455 0.25 0.3585 -0.3733 -0.8556
3.43566 0.150425 -7.72612 0.575 0.25 0.0332 0.8989 -0.4369
2.82758 0.253711 -7.51638 0.545 0.25 0.0333 0.8989 -0.4369
3.25217 1.08344 -5.82022 -0 -0 0.0918 0.9718 -0.217
2.70738 -0.643408 -7.07459 0.545 1 -0.9805 0.1766 0.0863
2.88817 -0.362469 -5.5674 0.545 1 -0.9805 0.1766 0.0863
3.07069 0.63745 -5.5674 -0 -0 -0.9673 0.2521 0.0263
2.70738 -0.643408 -7.07459 0.545 1 0.019 -0.9747 0.2229
3.31546 -0.746695 -7.28434 0.575 0 0.019 -0.9747 0.2229
4.08385 -0.362469 -5.96343 0.575 0 0.019 -0.9747 0.2228
3.43566 0.150425 -7.72612 0.575 0.25 0.886 -0.2404 -0.3965
4.28579 0.637531 -5.96343 0.575 0.25 0.9244 -0.1741 -0.3395
4.08385 -0.362469 -5.96343 0.575 0 0.8855 -0.2426 -0.3962
-2.70738 -0.643408 -7.07459 0.455 0 0.9805 0.1766 0.0863
-2.82758 0.253711 -7.51638 0.455 0.25 0.9783 0.1897 0.0835
-3.07069 0.63745 -5.5674 0.455 0.25 0.9675 0.2514 0.0278
-3.43566 0.150425 -7.72612 0.425 0.25 -0.0332 0.8989 -0.4369
-4.27376 0.910854 -6.05401 0.425 0.25 -0.1078 0.9678 -0.2273
-3.25217 1.08344 -5.82022 0.455 0.25 -0.1135 0.9711 -0.21
-3.43566 0.150425 -7.72612 0.425 0.25 -0.886 -0.2403 -0.3965
-3.31546 -0.746695 -7.28434 0.425 1 -0.8855 -0.2427 -0.3962
-4.08385 -0.362469 -5.96343 0.425 1 -0.8855 -0.2426 -0.3962
-2.70738 -0.643408 -7.07459 0.455 0 -0.019 -0.9747 0.2229
-2.88817 -0.362469 -5.5674 0.455 0 -0.019 -0.9747 0.2228
-4.08385 -0.362469 -5.96343 0.425 1 -0.019 -0.9747 0.2228
-5.45818 1.33636 -1.63581 0.410192 0.3125 0.6171 -0 0.7869
-5.45818 1.00229 -1.63581 0.410192 0.3125 0.6199 -0 0.7847
-4.52689 1.04259 -2.33219 0.425 0.3125 0.5989 -0 0.8009
-5.45818 1.00229 -1.63581 0.410192 0.3125 0.6199 -0 0.7847
-5.45818 1.33636 -1.63581 0.410192 0.3125 0.6171 -0 0.7869
-6.2813 1.15235 -0.961949 0.395922 0.3125 0.4493 -0 0.8934
-4.52689 1.33636 -2.33219 0.630001 0.255001 -0.3115 -0 0.9502
-4.52689 1.04259 -2.33219 0.630001 0.255001 -0.3115 -0 0.9502
-2.92923 1.27252 -1.80841 0.575 0.25 -0.3073 -0 0.9516
4.52689 1.33636 -2.33219 0.57908 0.947917 0.3115 -0 0.9502
2.92923 1.49635 -1.80841 0.625 0.9375 0.3073 -0 0.9516
2.92923 1.27252 -1.80841 0.625 0.9375 0.3073 -0 0.9516
-1.33546 1.19339 -1.30636 0.625 0.9375 -0.3005 -0 0.9538
-2.92923 1.49635 -1.80841 0.625 0.992499 -0.3073 -0 0.9516
-2.92923 1.27252 -1.80841 0.625 0.992499 -0.3073 -0 0.9516
1.33546 1.19339 -1.30636 0.455 0.25 0.3005 -0 0.9538
1.33546 1.0878 -1.30636 0.455 0.25 0.3005 -0 0.9538
2.92923 1.27252 -1.80841 0.425 0.25 0.3073 -0 0.9516
1.33546 1.19339 -1.30636 0.57908 0.947917 -0 -0 1
-1.33546 1.19339 -1.30636 0.425 1 -0 -0 1
-1.33546 1.0878 -1.30636 0.425 1 -0 -0 1
5.45818 1.00229 -1.63581 0.575 0.25 -0.6199 -0 0.7847
6.2813 0.637531 -0.961949 -0 -0 -0.0246 -0 0.9997
6.2813 1.15235 -0.961949 -0 -0 -0.4493 -0 0.8934
5.45818 1.33636 -1.63581 0.575 0.3125 -0.6171 -0 0.7869
4.52689 1.33636 -2.33219 0.545 0.3125 -0.5989 -0 0.8009
4.52689 1.04259 -2.33219 0.545 0.3125 -0.5989 -0 0.8009
-5.45436 -1.22404 -1.63858 0.455 0.9375 0.6167 -0 0.7872
-4.52689 -1.30204 -2.33219 0.4775 0.9375 0.5989 -0 0.8008
-4.52689 -0.88558 -2.33219 0.4775 0.9375 0.5989 -0 0.8008
-4.52689 -1.30204 -2.33219 0.545 1 -0.2983 -0 0.9545
-2.85081 -1.49049 -1.80841 0.5225 1 -0.306 -0 0.952
-2.85081 -1.13069 -1.80841 0.5225 1 -0.3048 -0 0.9524
4.52689 -1.30204 -2.33219 0.4775 0.3125 0.2983 -0 0.9545
4.52689 -0.88558 -2.33219 0.4775 0.3125 0.2983 -0 0.9545
2.85081 -1.13069 -1.80841 0.5225 0.3125 0.3049 -0 0.9524
-2.85081 -1.49049 -1.80841 0.4775 0.9375 -0.306 -0 0.952
-1.33546 -1.58777 -1.30636 0.5225 0.9375 -0.1231 -0 0.9924
-1.33546 -1.28633 -1.30636 0.5225 0.9375 -0.1307 -0 0.9914
2.85081 -1.49049 -1.80841 0.575 0.3125 0.3059 -0 0.9521
2.85081 -1.13069 -1.80841 0.575 0.3125 0.3049 -0 0.9524
1.33546 -1.28633 -1.30636 0.589808 0.3125 0.1307 -0 0.9914
-1.33546 -1.58777 -1.30636 0.375 0.3125 -0.1231 -0 0.9924
1.33546 -1.58777 -1.30636 0.37123 0.25377 0.1231 -0 0.9924
1.33546 -1.28633 -1.30636 0.37123 0.25377 0.1307 -0 0.9914
5.45436 -1.22404 -1.63858 0.589742 0.9375 -0.6167 -0 0.7872
5.45436 -0.88558 -1.63858 0.589742 0.9375 -0.6202 -0 0.7845
4.52689 -0.88558 -2.33219 -0 -0 -0.5989 -0 0.8008
5.45436 -0.88558 -1.63858 0.589742 0.9375 -0.6202 -0 0.7845
5.45436 -1.22404 -1.63858 0.589742 0.9375 -0.6167 -0 0.7872
6.2813 -1.04003 -0.961949 0.57908 0.947917 -0.4522 -0 0.8919
-5.45436 -0.88558 -1.63858 0.4775 0.25 0.6202 -0 0.7845
-6.2813 -0.362469 -0.961949 0.395922 0.9375 0.0267 -0 0.9996
-6.2813 -1.04003 -0.96195 0.396378 0.9375 0.4522 -0 0.8919
1.2723 1.12552 0.31034 0.5225 0.347017 -0.1348 0.9908 -0.0101
-1.2723 1.12552 0.31034 0.4775 0.347017 0.1348 0.9908 -0.0101
-1.2211 1.02476 2.31898 0.4775 0.375 0.151 0.9879 0.0351
1.2211 -1.60685 2.31898 0.5225 0.875 0.0256 -0.9987 0.0444
-1.2211 -1.60685 2.31898 0.4775 0.875 -0.0256 -0.9987 0.0444
-1.27626 -1.70107 0.294595 0.4775 0.902983 -0.0232 -0.9957 -0.0892
6.2813 -0.362469 -0.961949 0.57908 0.947917 0.9622 0.0013 -0.2724
6.2813 0.637531 -0.961949 -0 -0 0.9622 0.0014 -0.2725
6.71847 0.637531 0.587151 0.677005 0.302005 0.9825 0.0015 -0.1863
-4.9733 -1.32112 2.31898 0.425 0.875 -0 -0 1
-2.89962 -1.50957 2.31898 0.455 0.875 -0 -0 1
-2.89962 -1.15732 2.31898 0.455 0.875 -0 -0 1
-2.89962 -1.50957 2.31898 0.625 0.375 -0 -0 1
-1.2211 -1.60685 2.31898 0.605736 0.375 -0 -0 1
-1.2211 -1.31296 2.31898 0.605736 0.375 -0 -0 1
4.9733 -1.32112 2.31898 0.4775 0.9375 -0 -0 1
4.9733 -0.913024 2.31898 0.4775 0.9375 -0 -0 1
2.89962 -1.15732 2.31898 0.5225 0.9375 -0 -0 1
2.89962 -1.50957 2.31898 0.425 0.3125 -0 -0 1
2.89962 -1.15732 2.31898 0.425 0.3125 -0 -0 1
1.2211 -1.31296 2.31898 0.410192 0.3125 -0 -0 1
6.0863 -1.02785 2.31898 0.57908 0.947917 -0 -0 1
6.0863 -0.362469 2.31898 0.57908 0.947917 -0 -0 1
4.9733 -0.913024 2.31898 0.677005 0.447995 -0 -0 1
-6.0863 -1.02785 2.31898 0.455 0.9375 -0 -0 1
-4.9733 -1.32112 2.31898 0.425 0.9375 -0 -0 1
-4.9733 -0.913024 2.31898 0.425 0.9375 -0 -0 1
-1.2211 -1.60685 2.31898 0.455 0.3125 -0 -0 1
1.2211 -1.60685 2.31898 0.4775 0.3125 -0 -0 1
1.2211 -1.31296 2.31898 0.4775 0.3125 -0 -0 1
6.71847 0.637532 0.587151 0.4775 0.9375 0.9939 -0 -0.1107
6.90296 0.637532 2.31898 0.455 0.9375 0.9948 -0 -0.1023
6.90296 0.637531 2.31898 0.455 0.9375 0.9948 -0 -0.1023
6.90296 0.637532 2.31898 0.425 0.375 -0 -0 1
6.0863 1.30291 2.31898 0.394264 0.375 -0 -0 1
6.0863 0.637531 2.31898 0.394264 0.375 -0 -0 1
-4.9733 1.59618 2.31898 -0 -0 -0 -0 1
-4.9733 1.29314 2.31898 -0 -0 -0 -0 1
-2.89962 1.45571 2.31898 0.589808 0.3125 -0 -0 1
4.9733 1.59618 2.31898 -0 -0 -0 -0 1
2.89962 1.73199 2.31898 0.677005 0.302005 -0 -0 1
2.89962 1.45571 2.31898 0.677005 0.302005 -0 -0 1
-1.2211 1.02476 2.31898 0.545 0.3125 -0 -0 1
-2.89962 1.73199 2.31898 0.575 0.3125 -0 -0 1
-2.89962 1.45571 2.31898 0.575 0.3125 -0 -0 1
1.2211 1.02476 2.31898 0.575 0.875 -0 -0 1
1.2211 0.941952 2.31898 0.575 0.875 -0 -0 1
2.89962 1.45571 2.31898 0.545 0.875 -0 -0 1
-6.0863 1.30291 2.31898 0.575 0.375 -0 -0 1
-6.0863 0.637531 2.31898 0.575 0.375 -0 -0 1
-4.9733 1.29314 2.31898 0.605736 0.375 -0 -0 1
6.0863 1.30291 2.31898 0.395922 0.3125 -0 -0 1
4.9733 1.59618 2.31898 0.410192 0.3125 -0 -0 1
4.9733 1.29314 2.31898 0.410192 0.3125 -0 -0 1
-6.90296 0.63753 2.31898 0.677005 0.447995 -0 -0 1
-6.90296 0.637531 2.31898 0.677005 0.447995 -0 -0 1
-6.0863 0.637531 2.31898 0.625 0.875 -0 -0 1
-6.76677 0.63753 0.689949 0.425 0.875 -0 -1 0
-6.71537 0.637531 0.58715 0.425 0.875 -0 -1 0
-6.90296 0.637531 2.31898 0.394264 0.875 -0.9461 -0.1369 0.2934
1.2211 1.02476 2.31898 0.4775 0.875 -0 -0 1
-1.2211 1.02476 2.31898 0.5225 0.875 -0 -0 1
-1.2211 0.941952 2.31898 0.5225 0.875 -0 -0 1
-5.91988 0.637531 -4.0321 0.37123 0.25377 -0.3182 0.924 -0.212
-5.27226 0.982992 -3.49098 0.410626 0.280897 -0.2961 0.9321 -0.2089
-4.44979 1.15127 -3.47955 0.425 0.292992 -0.1823 0.9708 -0.1559
-5.17077 -0.788624 -3.48957 0.410843 0.969086 -0.3518 -0.898 -0.2643
-4.38701 -1.00539 -3.47868 0.425 0.957233 -0.1587 -0.9496 -0.2702
-4.52689 -1.30204 -2.33219 0.425 0.9375 -0.2009 -0.9487 -0.244
-5.45436 -1.22404 -1.63858 -0 -0 -0.3209 -0.9089 -0.2662
-6.2813 -1.04003 -0.96195 0.396378 0.9375 -0.4217 -0.8725 -0.2467
-5.17077 -0.788624 -3.48957 0.410843 0.969086 -0.3518 -0.898 -0.2643
7.31755 0.637531 -1.11068 0.6875 0.25 0.9021 -0 -0.4316
7.31755 -0.362469 -1.11068 0.6875 0 0.9021 -0 -0.4316
5.91988 -0.362469 -4.0321 0.632501 0 0.8397 -0.0337 -0.542
-7.31755 -0.362469 -1.11068 0.3125 0 -0.9021 -0 -0.4316
-7.31755 0.637531 -1.11068 0.3125 0.25 -0.9021 -0 -0.4316
-5.91988 0.637531 -4.0321 0.37123 0.25377 -0.8397 -0.0337 -0.5421
4.4581 1.23945 -3.35583 0.575 0.294882 0.1797 0.9713 -0.1555
5.33102 1.00357 -3.34371 0.273821 0.119053 0.3146 0.926 -0.2087
5.91988 0.637531 -4.0321 0.630001 0.255001 0.3254 0.9196 -0.2203
7.31755 -0.362469 -1.11068 0.625 0.9375 0.4467 -0.8612 -0.2426
6.2813 -1.04003 -0.961949 0.57908 0.947917 0.4258 -0.871 -0.2451
5.23426 -0.813519 -3.34505 0.577136 0.972733 0.3677 -0.8924 -0.2616
-4.52689 1.33636 -2.33219 0.425 0.3125 -0.182 0.9705 -0.1583
-2.92923 1.49635 -1.80841 0.455 0.3125 0.1359 0.9849 -0.1069
-3.06628 1.3653 -3.46034 0.455 0.286467 0.0906 0.9788 -0.1835
-4.52689 -1.30204 -2.33219 0.425 0.9375 -0.2009 -0.9487 -0.244
-4.38701 -1.00539 -3.47868 0.425 0.957233 -0.1587 -0.9496 -0.2702
-2.75985 -1.14142 -3.64226 0.507216 0.941884 0.0883 -0.9501 -0.2991
3.25217 1.08344 -5.82022 -0 -0 0.0918 0.9718 -0.217
3.05922 1.37557 -3.37526 0.332138 0.190446 -0.1015 0.9783 -0.1805
4.4581 1.23945 -3.35583 0.575 0.29531 0.1797 0.9713 -0.1555
4.52689 -1.30204 -2.33219 -0 -0 0.2003 -0.9523 -0.2304
2.85081 -1.49049 -1.80841 -0 -0 -0.0785 -0.9646 -0.2517
2.75584 -1.15927 -3.56776 0.218011 0.40002 -0.0996 -0.9513 -0.2916
-2.92923 1.49635 -1.80841 0.455 0.3125 0.1359 0.9849 -0.1069
-1.33546 1.19339 -1.30636 0.4775 0.3125 0.0768 0.9903 -0.1158
-1.2702 0.933865 -3.43539 0.4775 0.263864 0.1208 0.9547 -0.2719
-2.85081 -1.49049 -1.80841 0.455 0.9375 0.0811 -0.9622 -0.2601
-2.75985 -1.14142 -3.64226 0.507216 0.941884 0.0883 -0.9501 -0.2991
-1.2702 -0.71072 -3.49593 0.4775 0.986136 0.0923 -0.9277 -0.3619
1.43077 0.423782 -4.04227 0.5225 0.25 -0.2287 0.8437 -0.4857
1.27128 0.939945 -3.40009 0.5225 0.26467 -0.119 0.9553 -0.2707
3.05922 1.37557 -3.37526 0.327236 0.187635 -0.1015 0.9783 -0.1805
2.85081 -1.49049 -1.80841 -0 -0 -0.0785 -0.9646 -0.2517
1.33546 -1.58777 -1.30636 0.5225 0.9375 -0.0489 -0.9367 -0.3466
1.27128 -0.722842 -3.46063 0.5225 0.98533 -0.0911 -0.9277 -0.3622
1.43077 0.423782 -4.04227 0.5225 0.25 -0.2287 0.8437 -0.4857
-1.43077 0.423782 -4.04227 0.4775 0.25 0.233 0.8381 -0.4933
-1.2702 0.933865 -3.43539 0.4775 0.263864 0.1208 0.9547 -0.2719
-1.33546 -1.58777 -1.30636 0.4775 0.9375 0.0509 -0.9369 -0.3459
-1.2702 -0.71072 -3.49593 0.4775 0.986136 0.0923 -0.9277 -0.3619
1.27128 -0.722842 -3.46063 0.5225 0.98533 -0.0911 -0.9277 -0.3622
5.33102 1.00357 -3.34371 0.273821 0.119053 0.3146 0.926 -0.2087
4.4581 1.23945 -3.35583 0.575 0.294882 0.1797 0.9713 -0.1555
4.52689 1.33636 -2.33219 0.575 0.3125 0.1823 0.9736 -0.1375
5.45818 1.33636 -1.63581 0.589808 0.3125 0.2588 0.9489 -0.1809
6.2813 1.15235 -0.961949 -0 -0 0.3652 0.9104 -0.1942
5.33102 1.00357 -3.34371 0.273821 0.119053 0.3146 0.926 -0.2087
-7.31755 0.637531 -1.11068 0.375 0.3125 -0.3811 0.9034 -0.1964
-6.2813 1.15235 -0.961949 0.395922 0.3125 -0.3572 0.9131 -0.1968
-5.27226 0.982992 -3.49098 0.410626 0.280897 -0.2961 0.9321 -0.2089
5.45436 -1.22404 -1.63858 0.589742 0.9375 0.3234 -0.9113 -0.2549
5.23426 -0.813519 -3.34505 0.577136 0.972733 0.3677 -0.8924 -0.2616
6.2813 -1.04003 -0.961949 0.57908 0.947917 0.4258 -0.871 -0.2451
4.52689 -1.30204 -2.33219 -0 -0 0.2003 -0.9523 -0.2304
4.24679 -0.982606 -3.89064 0.162215 0.282113 0.1485 -0.9489 -0.2785
5.23426 -0.813519 -3.34505 0.577136 0.972733 0.3677 -0.8924 -0.2616
1.35019 -0.060034 2.47962 0.375 0.38 0.992 0.0535 0.114
1.28076 1.18283 2.47962 0.416667 0.38 0.9921 0.0535 0.1132
0.864431 0.92979 4.23429 0.416667 0.3125 0.9556 0.0461 0.2911
1.28076 1.18283 2.47962 0.416667 0.38 0.4265 0.8954 0.1283
0 1.86624 2.22189 0.458333 0.38 0.4247 0.8982 0.1133
0 1.43703 4.00661 0.458333 0.3125 0.4243 0.8667 0.2622
-1.28076 1.18283 2.47962 0.5 0.38 -0.4265 0.8954 0.1283
-0.864431 0.92979 4.23429 0.5 0.3125 -0.4186 0.863 0.283
0 1.43703 4.00661 0.458333 0.3125 -0.4243 0.8667 0.2622
-1.35019 -0.060034 2.47962 0.541667 0.38 -0.992 0.0535 0.114
-0.898732 0.113321 4.23429 0.541667 0.3125 -0.9549 0.046 0.2933
-0.864431 0.92979 4.23429 0.5 0.3125 -0.9556 0.0461 0.2911
-1.35019 -0.060034 2.47962 0.541667 0.38 -0.4544 -0.8833 0.1153
0 -0.823131 2.22189 0.583333 0.38 -0.4551 -0.8845 0.1029
0 -0.393918 4.00661 0.583333 0.3125 -0.4372 -0.8684 0.2338
1.35019 -0.060034 2.47962 0.625 0.38 0.4544 -0.8833 0.1153
0.898732 0.11332 4.23429 0.625 0.3125 0.4333 -0.8675 0.2442
0 -0.393918 4.00661 0.583333 0.3125 0.4372 -0.8684 0.2338
1.57179 -0.284804 -2.72022 0.5 0.6005 0.3179 -0.9481 -0.0109
1.51664 -0.213563 -0.219706 0.625 0.5375 0.4165 -0.9088 0.0233
0 -0.961047 -0.460194 0.583333 0.5375 0.4089 -0.9125 0.0161
-1.57179 -0.284804 -2.72022 0.541667 0.6005 -0.3189 -0.9477 -0.0103
0 -0.7354 -2.97454 0.583333 0.6005 -0.3034 -0.9528 -0.0056
0 -0.961047 -0.460194 0.583333 0.5375 -0.4088 -0.9125 0.0161
-1.47608 1.28674 -2.66928 0.5 0.6005 -0.9983 0.0577 -0.0063
-1.57179 -0.284804 -2.72022 0.541667 0.6005 -0.9983 0.0577 -0.0112
-1.51664 -0.213563 -0.219706 0.541667 0.5375 -0.9977 0.056 0.0379
-1.47608 1.28674 -2.66928 0.5 0.6005 -0.3382 0.9375 -0.0814
-1.42801 1.39461 -0.219706 0.5 0.5375 -0.3909 0.9204 0.0088
0 2.00416 -0.460194 0.458333 0.5375 -0.3851 0.9228 -0.0031
1.47608 1.28674 -2.66928 0.416667 0.6005 0.3382 0.9375 -0.0814
0 1.73867 -2.97454 0.458333 0.6005 0.3328 0.939 -0.0864
0 2.00416 -0.460194 0.458333 0.5375 0.3852 0.9228 -0.0031
1.47608 1.28674 -2.66928 0.416667 0.6005 0.9983 0.0577 -0.0063
1.42801 1.39461 -0.219706 0.416667 0.5375 0.9977 0.0564 0.0384
1.51664 -0.213563 -0.219706 0.375 0.5375 0.9977 0.0564 0.0376
1.51664 -0.213563 -0.219706 0.625 0.5375 0.4165 -0.9088 0.0233
1.35019 -0.060034 2.47962 0.625 0.38 0.4544 -0.8833 0.1153
0 -0.823131 2.22189 0.583333 0.38 0.4551 -0.8845 0.1029
-1.51664 -0.213563 -0.219706 0.541667 0.5375 -0.4164 -0.9089 0.0232
0 -0.961047 -0.460194 0.583333 0.5375 -0.4088 -0.9125 0.0161
0 -0.823131 2.22189 0.583333 0.38 -0.4551 -0.8845 0.1029
-1.51664 -0.213563 -0.219706 0.541667 0.5375 -0.9977 0.056 0.0379
-1.35019 -0.060034 2.47962 0.541667 0.38 -0.992 0.0535 0.114
-1.28076 1.18283 2.47962 0.5 0.38 -0.9921 0.0535 0.1132
-1.42801 1.39461 -0.219706 0.5 0.5375 -0.3909 0.9204 0.0088
-1.28076 1.18283 2.47962 0.5 0.38 -0.4265 0.8954 0.1283
0 1.86624 2.22189 0.458333 0.38 -0.4247 0.8982 0.1133
1.42801 1.39461 -0.219706 0.416667 0.5375 0.3908 0.9204 0.0087
0 2.00416 -0.460194 0.458333 0.5375 0.3852 0.9228 -0.0031
0 1.86624 2.22189 0.458333 0.38 0.4247 0.8982 0.1133
1.51664 -0.213563 -0.219706 0.375 0.5375 0.9977 0.0564 0.0376
1.42801 1.39461 -0.219706 0.416667 0.5375 0.9977 0.0564 0.0384
1.28076 1.18283 2.47962 0.416667 0.38 0.9921 0.0535 0.1132
-1.41854 -0.196824 -5.00098 0.541667 0.6875 -0.9906 -0.015 -0.1359
-1.49826 -0.491047 -4.0825 0.770833 0.81375 -0.994 0.0709 -0.0827
-1.41199 1.15879 -4.05212 0.5 0.6275 -0.9943 0.0697 -0.0803
-1.22575 0.854658 -5.2163 0.5 0.6875 -0.2775 0.8947 -0.35
-1.41199 1.15879 -4.05212 0.5 0.6275 -0.2948 0.9365 -0.1898
0 1.5654 -4.1727 0.458333 0.6275 -0.2942 0.9351 -0.1977
1.22575 0.854658 -5.2163 0.416667 0.6875 0.2775 0.8947 -0.35
0 1.18461 -5.38401 0.458333 0.6875 0.2775 0.8948 -0.3497
0 1.5654 -4.1727 0.458333 0.6275 0.2942 0.9351 -0.1977
1.41854 -0.196824 -5.00098 0.5 0.6875 0.9906 -0.015 -0.1359
1.22575 0.854658 -5.2163 0.416667 0.6875 0.9874 0.0963 -0.1255
1.41199 1.15879 -4.05212 0.416667 0.6275 0.9943 0.0697 -0.0803
1.21832 -1.51995 -4.91303 0.625 0.6875 0.2869 -0.9151 -0.2833
0.465177 -1.73525 -4.91303 0.583333 0.6875 0.2855 -0.9338 -0.2155
0.25844 -0.673316 -5.90305 0.583333 0.6875 0.192 -0.4179 -0.888
0 -0.622277 -5.02824 0.583333 0.6875 0.9479 -0.2761 -0.159
-0.020378 -0.615209 -4.05212 0.583333 0.6275 0.9517 -0.3016 -0.0568
-0.465178 -1.73525 -4.91303 0.583333 0.6875 0.9321 -0.3524 -0.0836
-1.21832 -1.51995 -4.91303 0.541667 0.6875 -0.2869 -0.9151 -0.2833
-1.27081 -0.290716 -5.81265 0.541667 0.6875 -0.1689 -0.3386 -0.9256
-0.25844 -0.673316 -5.90305 0.583333 0.6875 -0.192 -0.4179 -0.888
-1.41199 1.15879 -4.05212 0.5 0.6275 -0.9943 0.0697 -0.0803
-1.49826 -0.491047 -4.0825 0.770833 0.81375 -0.994 0.0709 -0.0827
-1.57179 -0.284804 -2.72022 0.541667 0.6005 -0.9983 0.0577 -0.0112
-1.41199 1.15879 -4.05212 0.5 0.6275 -0.2948 0.9365 -0.1898
-1.47608 1.28674 -2.66928 0.5 0.6005 -0.3382 0.9375 -0.0814
0 1.73867 -2.97454 0.458333 0.6005 -0.3328 0.939 -0.0864
1.41199 1.15879 -4.05212 0.416667 0.6275 0.2948 0.9365 -0.1898
0 1.5654 -4.1727 0.458333 0.6275 0.2942 0.9351 -0.1977
0 1.73867 -2.97454 0.458333 0.6005 0.3328 0.939 -0.0864
1.41199 1.15879 -4.05212 0.416667 0.6275 0.9943 0.0697 -0.0803
1.47608 1.28674 -2.66928 0.416667 0.6005 0.9983 0.0577 -0.0063
1.57179 -0.284804 -2.72022 0.5 0.6005 0.9983 0.0577 -0.0111
1.27081 -0.290717 -5.81265 0.5 0.6875 0.1689 -0.3386 -0.9256
0.25844 -0.673316 -5.90305 0.583333 0.6875 0.192 -0.4179 -0.888
0.155588 0.726328 -6.01215 0.458333 0.6875 0.0937 -0.0917 -0.9914
-1.27081 -0.290716 -5.81265 0.541667 0.6875 -0.1689 -0.3386 -0.9256
-1.23044 0.507454 -5.92031 0.5 0.6875 -0.0937 -0.0917 -0.9914
-0.155587 0.726328 -6.01215 0.458333 0.6875 -0.0937 -0.0917 -0.9914
1.22575 0.854658 -5.2163 0.416667 0.6875 0.2775 0.8947 -0.35
1.23044 0.507453 -5.92031 0.416667 0.6875 0.2545 0.8408 -0.4778
0.155588 0.726328 -6.01215 0.458333 0.6875 0.2545 0.8408 -0.4778
0.155588 0.726328 -6.01215 0.458333 0.6875 -0.9675 -0.0664 -0.244
0.25844 -0.673316 -5.90305 0.583333 0.6875 -0.9614 -0.1833 -0.2053
0 -0.622277 -5.02824 0.583333 0.6875 -0.9453 -0.2778 -0.171
-0.155587 0.726328 -6.01215 0.458333 0.6875 -0.2545 0.8408 -0.4778
-1.23044 0.507454 -5.92031 0.5 0.6875 -0.2545 0.8408 -0.4778
-1.22575 0.854658 -5.2163 0.5 0.6875 -0.2775 0.8947 -0.35
-0.155587 0.726328 -6.01215 0.458333 0.6875 0.9675 -0.0664 -0.244
0 1.18461 -5.38401 0.458333 0.6875 0.9675 -0.0664 -0.244
0 -0.622277 -5.02824 0.583333 0.6875 0.9479 -0.2761 -0.159
0 -0.622277 -5.02824 0.583333 0.6875 -0.9453 -0.2778 -0.171
0.25844 -0.673316 -5.90305 0.583333 0.6875 -0.9614 -0.1833 -0.2053
0.465177 -1.73525 -4.91303 0.583333 0.6875 -0.9277 -0.3619 -0.0915
1.18036 -1.06192 -3.28825 0.625 0.6875 0.2376 -0.9299 0.2808
0.171662 -1.29675 -3.28825 0.645833 0.171875 0.2376 -0.9299 0.2808
0.465177 -1.73525 -4.91303 0.583333 0.6875 0.2855 -0.9338 -0.2155
-1.18036 -1.06192 -3.28825 0.541667 0.6875 -0.2376 -0.9299 0.2808
-1.21832 -1.51995 -4.91303 0.541667 0.6875 -0.2869 -0.9151 -0.2833
-0.465178 -1.73525 -4.91303 0.583333 0.6875 -0.2858 -0.9337 -0.2155
1.49826 -0.491047 -4.0825 0.5 0.6275 0.1808 -0.9831 0.0277
1.57179 -0.284804 -2.72022 0.5 0.6005 0.3179 -0.9481 -0.0109
0 -0.7354 -2.97454 0.583333 0.6005 0.3014 -0.9535 -0.0062
-1.49826 -0.491047 -4.0825 0.770833 0.81375 -0.183 -0.9826 0.0307
-0.020378 -0.615209 -4.05212 0.583333 0.6275 -0.1829 -0.9827 0.0306
0 -0.7354 -2.97454 0.583333 0.6005 -0.3034 -0.9528 -0.0056
0.171662 -0.76917 -3.28825 1 0.5 -0 -0 1
0.171662 -1.29675 -3.28825 0.645833 0.171875 -0 -0 1
1.18036 -1.06192 -3.28825 -0 -0 -0 -0 1
-0.171662 -0.76917 -3.28825 0 0.5 -0 -0 1
-1.18036 -0.534333 -3.28825 1 1 -0 -0 1
-1.18036 -1.06192 -3.28825 1 0 -0 -0 1
-0.020378 -0.615209 -4.05212 1 1 -0.1384 0.9839 0.1134
0.171662 -0.76917 -3.28825 1 0.5 -0.1384 0.9839 0.1134
1.18036 -0.534334 -3.28825 -0 -0 -0.1384 0.9839 0.1134
-0.020378 -0.615209 -4.05212 0 1 0.1407 0.984 0.1095
-1.49826 -0.491047 -4.0825 0.770833 0.81375 0.1407 0.984 0.1095
-1.18036 -0.534333 -3.28825 1 0 0.1407 0.984 0.1095
-1.18036 -1.06192 -3.28825 0.541667 0.6875 -0.9452 -0.2688 0.1852
-1.18036 -0.534333 -3.28825 1 1 -0.9452 -0.2688 0.1852
-1.49826 -0.491047 -4.0825 0.770833 0.81375 -0.9735 -0.2245 0.0435
1.49826 -0.491047 -4.0825 0.5 0.6275 0.9735 -0.2245 0.0435
1.18036 -0.534334 -3.28825 -0 -0 0.9452 -0.2688 0.1852
1.18036 -1.06192 -3.28825 -0 -0 0.9452 -0.2688 0.1852
1.21832 -1.51995 -4.91303 0.625 0.6875 0.9801 -0.1911 -0.0544
1.27081 -0.290717 -5.81265 0.5 0.6875 0.9902 -0.0304 -0.1363
1.41854 -0.196824 -5.00098 0.5 0.6875 0.9906 -0.015 -0.1359
1.23044 0.507453 -5.92031 0.416667 0.6875 0.987 0.1029 -0.1231
1.22575 0.854658 -5.2163 0.416667 0.6875 0.9874 0.0963 -0.1255
1.41854 -0.196824 -5.00098 0.5 0.6875 0.9906 -0.015 -0.1359
-1.21832 -1.51995 -4.91303 0.541667 0.6875 -0.9801 -0.1911 -0.0544
-1.49826 -0.491047 -4.0825 0.770833 0.81375 -0.9735 -0.2245 0.0435
-1.41854 -0.196824 -5.00098 0.541667 0.6875 -0.9906 -0.015 -0.1359
-1.23044 0.507454 -5.92031 0.5 0.6875 -0.987 0.103 -0.1231
-1.27081 -0.290716 -5.81265 0.541667 0.6875 -0.9902 -0.0304 -0.1363
-1.41854 -0.196824 -5.00098 0.541667 0.6875 -0.9906 -0.015 -0.1359
0.171662 -1.29675 -3.28825 0.645833 0.171875 -0.9603 -0.279 -0.0075
0.171662 -0.76917 -3.28825 1 0.5 -0.9603 -0.279 -0.0075
-0.020378 -0.615209 -4.05212 0.583333 0.6275 -0.9452 -0.3224 -0.051
-0.171662 -1.29675 -3.28825 0.645833 0.171875 0.9687 -0.2467 -0.0283
-0.465178 -1.73525 -4.91303 0.583333 0.6875 0.9321 -0.3524 -0.0836
-0.020378 -0.615209 -4.05212 0.583333 0.6275 0.9517 -0.3016 -0.0568
