Vertex Count: 720

Data:

-5.91988 0.637531 -4.0321 0.37123 0.25377 -0.839667 -0.033742 -0.542053
-4.28579 0.637531 -5.96343 0.425 0.25 -0.741806 -0.0749 -0.666419
-4.08385 -0.362469 -5.96343 0.425 0 -0.741806 -0.0749 -0.666419
-4.44979 1.15127 -3.47955 0.425 0.292992 -0.182254 0.970816 -0.155882
-5.27226 0.982992 -3.49098 0.410626 0.280897 -0.29608 0.93205 -0.208851
-6.2813 1.15235 -0.961949 0.395922 0.3125 -0.357146 0.913079 -0.196809
-4.08385 -0.362469 -5.96343 0.425 1 -0.090542 -0.948712 -0.3029
-4.38701 -1.00539 -3.47868 0.425 0.957233 -0.158747 -0.949616 -0.27024
-5.17077 -0.788624 -3.48957 0.410843 0.969086 -0.351857 -0.897978 -0.264256
4.08385 -0.362469 -5.96343 0.575 0 0.741806 -0.0749 -0.666419
4.28579 0.637531 -5.96343 0.575 0.25 0.741806 -0.0749 -0.666419
5.91988 0.637531 -4.0321 0.630001 0.255001 0.839667 -0.033742 -0.542053
5.33102 1.00357 -3.34371 0.273821 0.119053 0.314598 0.925996 -0.20871
6.2813 1.15235 -0.961949 -0 -0 0.365263 0.910433 -0.194152
7.31755 0.637531 -1.11068 0.625 0.3125 0.387011 0.900868 -0.19662
5.57725 0.595491 4.08155 0.624622 0.5 0.424631 0.878595 0.218539
4.15917 1.10975 4.41839 0.575 0.443228 0.149542 0.964041 0.219686
4.1321 0.482182 6.28726 0.575 0.5 0.082445 0.95757 0.276157
5.57725 -0.362469 4.08155 0.624622 0.75 0.433874 -0.886577 0.160419
4.15917 -0.984965 4.41839 0.575 0.806772 0.212098 -0.966063 0.147432
4.9733 -0.913024 2.31898 0.575 0.875 0.274151 -0.958677 0.076024
4.08385 -0.362469 -5.96343 0.575 1 0.083209 -0.943473 -0.320836
5.91988 -0.362469 -4.0321 0.625 0.992499 0.380496 -0.885121 -0.267926
5.23426 -0.813519 -3.34505 0.577136 0.972733 0.367692 -0.892406 -0.26156
-4.44979 1.15127 -3.47955 0.425 0.292992 -0.182254 0.970816 -0.155882
-3.06628 1.3653 -3.46034 0.455 0.286467 0.090629 0.978839 -0.183471
-3.25217 1.08344 -5.82022 0.455 0.25 -0.113504 0.9711 -0.209957
-2.41389 1.16923 4.18299 0.455 0.42706 0.102692 0.980454 0.16782
-4.15917 1.10975 4.41839 0.425 0.443228 -0.14946 0.964078 0.219581
-4.1321 0.482182 6.28726 0.425 0.5 -0.082416 0.957568 0.276172
-4.1321 -0.385725 6.28726 0.425 0.75 -0.724701 -0.002965 0.689057
-2.4844 -0.368285 7.25266 0.455 0.75 -0.404774 0 0.914417
-2.4844 0.395008 7.25266 0.455 0.5 -0.40745 0 0.913227
-2.52052 -1.13198 4.73976 0.455 0.82294 -0.089597 -0.981789 0.167519
-4.15917 -0.984965 4.41839 0.425 0.806772 -0.212236 -0.966024 0.147487
-4.9733 -0.913024 2.31898 0.425 0.875 -0.274424 -0.958568 0.076415
-2.75985 -1.14142 -3.64226 0.507216 0.941884 0.088276 -0.950126 -0.299112
-4.38701 -1.00539 -3.47868 0.425 0.957233 -0.158747 -0.949616 -0.27024
-4.08385 -0.362469 -5.96343 0.425 1 -0.090542 -0.948712 -0.3029
-5.92031 -1.02785 0.394739 0.397436 0.896708 -0.41174 -0.905015 -0.106853
-6.0863 -1.02785 2.31898 0.394264 0.875 -0.435703 -0.898919 -0.045902
-6.90296 -0.362469 2.31898 0.375 0.875 -0.639108 -0.766673 -0.061264
-4.6376 -1.32112 0.304052 0.425 0.897559 -0.148118 -0.984918 -0.089429
-2.81779 -1.58464 0.276449 0.455 0.900369 -0.090551 -0.991766 -0.090564
-2.89962 -1.50957 2.31898 0.455 0.875 -0.093846 -0.99535 0.021697
6.71847 0.637532 0.587151 0.677005 0.302005 0.627648 0.770726 -0.109722
5.87217 1.30291 0.204395 0.629556 0.325466 0.404951 0.906727 -0.117731
6.0863 1.30291 2.31898 0.605736 0.375 0.4212 0.905679 -0.048343
-2.84264 1.68342 0.154435 0.455 0.349631 0.11776 0.990222 -0.074791
-4.53161 1.59618 -0.332149 0.425 0.352441 -0.117937 0.984025 -0.133367
-4.9733 1.59618 2.31898 0.425 0.375 -0.137628 0.990204 -0.023556
4.4581 1.23945 -3.35583 0.575 0.29531 0.179726 0.971339 -0.155562
3.05922 1.37557 -3.37526 0.332138 0.190446 -0.101568 0.978315 -0.180508
2.92923 1.49635 -1.80841 0.545 0.3125 -0.143969 0.984696 -0.098217
4.53161 1.59618 -0.332148 0.575 0.352441 0.117912 0.984028 -0.133362
2.84264 1.68342 0.154435 0.545 0.349631 -0.117759 0.990222 -0.07479
2.89962 1.73199 2.31898 0.545 0.375 0.057111 0.99824 -0.015982
4.15917 1.10975 4.41839 0.575 0.443228 0.149542 0.964041 0.219686
2.41389 1.16923 4.18299 0.545 0.42706 -0.102692 0.980454 0.16782
2.4844 0.395008 7.25266 0.545 0.5 -0.103402 0.973534 0.203815
2.4844 -0.368285 7.25266 0.545 0.75 0.404774 0 0.914417
4.1321 -0.385725 6.28726 0.575 0.75 0.724731 0 0.689032
4.1321 0.482182 6.28726 0.575 0.5 0.729014 0 0.684499
4.15917 -0.984965 4.41839 0.575 0.806772 0.212098 -0.966063 0.147432
2.52052 -1.13198 4.73976 0.545 0.82294 0.089597 -0.981789 0.167519
2.89962 -1.15732 2.31898 0.545 0.875 0.084426 -0.995994 0.029459
4.6376 -1.32112 0.304051 0.575 0.897559 0.148086 -0.984924 -0.089421
2.81779 -1.58464 0.276449 0.545 0.900369 0.090551 -0.991766 -0.090564
2.85081 -1.13069 -1.80841 -0 -0 0.095081 -0.975437 -0.198702
4.24679 -0.982606 -3.89064 0.162215 0.282113 0.148463 -0.948902 -0.278465
2.75584 -1.15927 -3.56776 0.218011 0.40002 -0.099649 -0.951321 -0.291647
2.88817 -0.362469 -5.5674 0.545 1 -0.092457 -0.934858 -0.342772
-3.07069 0.63745 -5.5674 0.455 0.25 0.681886 0.131714 -0.719502
-1.43077 0.423782 -4.04227 0.4775 0.25 0.398649 0.077004 -0.913865
-1.2516 -0.448834 -4.04227 0.4775 0 0.301707 0.058278 -0.951618
-3.06628 1.3653 -3.46034 0.455 0.286467 0.090629 0.978839 -0.183471
-1.2702 0.933865 -3.43539 0.4775 0.263864 0.120822 0.954737 -0.271806
-1.43077 0.423782 -4.04227 0.4775 0.25 0.233012 0.838103 -0.493243
-1.2723 1.12552 0.31034 0.4775 0.347017 0.134823 0.990818 -0.010126
-2.84264 1.68342 0.154435 0.455 0.349631 0.11776 0.990222 -0.074791
-2.89962 1.73199 2.31898 0.455 0.375 0.362335 0.931969 0.012157
-0.800967 0.639092 4.10999 0.4775 0.42096 0.095674 0.986635 0.1319
-2.41389 1.16923 4.18299 0.455 0.42706 0.102692 0.980454 0.16782
-2.4844 0.395008 7.25266 0.455 0.5 0.103402 0.973534 0.203815
-2.4844 -0.368285 7.25266 0.455 0.75 -0.404774 0 0.914417
-0.91794 -0.316702 7.65795 0.4775 0.75 -0.127096 0 0.99189
-0.91794 0.291938 7.65795 0.4775 0.5 -0.128334 0 0.991731
-0.899974 -1.15969 4.90608 0.4775 0.82904 -0.021485 -0.983999 0.176871
-2.52052 -1.13198 4.73976 0.455 0.82294 -0.089597 -0.981789 0.167519
-2.89962 -1.15732 2.31898 0.455 0.875 -0.084426 -0.995994 0.029459
-2.81779 -1.58464 0.276449 0.455 0.900369 -0.090551 -0.991766 -0.090564
-1.27626 -1.70107 0.294595 0.4775 0.902983 -0.02313 -0.995745 -0.0892
-1.2211 -1.60685 2.31898 0.4775 0.875 -0.025625 -0.998684 0.044421
-1.2702 -0.71072 -3.49593 0.4775 0.986136 0.092231 -0.927665 -0.361843
-2.75985 -1.14142 -3.64226 0.507216 0.941884 0.088276 -0.950126 -0.299112
-2.88817 -0.362469 -5.5674 0.57908 0.947917 0.049345 -0.943832 -0.326721
1.43077 0.423782 -4.04227 0.5225 0.25 -0.398649 0.077004 -0.913865
3.07069 0.63745 -5.5674 -0 -0 -0.681886 0.131714 -0.719502
2.88817 -0.362469 -5.5674 0.545 0 -0.681886 0.131714 -0.719502
3.05922 1.37557 -3.37526 0.327236 0.187635 -0.101568 0.978315 -0.180508
1.27128 0.939945 -3.40009 0.5225 0.26467 -0.119005 0.955306 -0.270607
1.33546 1.19339 -1.30636 0.5225 0.3125 -0.075477 0.99044 -0.115463
2.84264 1.68342 0.154435 0.545 0.349631 -0.117759 0.990222 -0.07479
1.2723 1.12552 0.31034 0.5225 0.347017 -0.134823 0.990818 -0.010126
1.2211 1.02476 2.31898 0.5225 0.375 -0.151 0.987909 0.03514
2.41389 1.16923 4.18299 0.545 0.42706 -0.102692 0.980454 0.16782
0.800967 0.639092 4.10999 0.5225 0.42096 -0.095674 0.986635 0.1319
0.91794 0.291938 7.65795 0.5225 0.5 -0.077053 0.988593 0.129411
0.91794 -0.316702 7.65795 0.5225 0.75 0.127096 0 0.99189
2.4844 -0.368285 7.25266 0.545 0.75 0.404774 0 0.914417
2.4844 0.395008 7.25266 0.545 0.5 0.407451 0 0.913227
2.52052 -1.13198 4.73976 0.545 0.82294 0.089597 -0.981789 0.167519
0.899974 -1.15969 4.90608 0.5225 0.82904 0.021485 -0.983999 0.176871
1.2211 -1.31296 2.31898 0.5225 0.875 0.026862 -0.998289 0.051936
2.81779 -1.58464 0.276449 0.545 0.900369 0.090551 -0.991766 -0.090564
1.27626 -1.70107 0.294595 0.5225 0.902983 0.02313 -0.995745 -0.0892
1.33546 -1.28633 -1.30636 0.5225 0.9375 0.021863 -0.970418 -0.24044
2.75584 -1.15927 -3.56776 0.218011 0.40002 -0.099649 -0.951321 -0.291647
1.27128 -0.722842 -3.46063 0.5225 0.98533 -0.091044 -0.927662 -0.362154
1.2516 -0.448834 -4.04227 0.5225 1 -0.198163 -0.895466 -0.398587
-1.2516 -0.448834 -4.04227 0.4775 0 0.301707 0.058278 -0.951618
-1.43077 0.423782 -4.04227 0.4775 0.25 0.398649 0.077004 -0.913865
1.43077 0.423782 -4.04227 0.5225 0.25 -0.398649 0.077004 -0.913865
1.27128 0.939945 -3.40009 0.5225 0.26467 -0.119005 0.955306 -0.270607
-1.2702 0.933865 -3.43539 0.4775 0.263864 0.120822 0.954737 -0.271806
-1.33546 1.19339 -1.30636 0.4775 0.3125 0.07676 0.990306 -0.115764
-1.33546 1.0878 -1.30636 0.4775 0.3125 0.118159 0.990244 -0.073862
-1.2723 1.12552 0.31034 0.4775 0.347017 0.134823 0.990818 -0.010126
1.2723 1.12552 0.31034 0.5225 0.347017 -0.134823 0.990818 -0.010126
-1.2211 0.941952 2.31898 0.4775 0.375 0.166423 0.978707 0.120152
-0.800967 0.639092 4.10999 0.4775 0.42096 0.095674 0.986635 0.1319
0.800967 0.639092 4.10999 0.5225 0.42096 -0.095674 0.986635 0.1319
-0.91794 0.291938 7.65795 0.4775 0.5 -0.128334 0 0.991731
-0.91794 -0.316702 7.65795 0.4775 0.75 -0.127096 0 0.99189
0.91794 -0.316702 7.65795 0.5225 0.75 0.127096 0 0.99189
-0.899974 -1.15969 4.90608 0.4775 0.82904 -0.021485 -0.983999 0.176871
-1.2211 -1.31296 2.31898 0.4775 0.875 -0.026862 -0.998289 0.051936
1.2211 -1.31296 2.31898 0.5225 0.875 0.026862 -0.998289 0.051936
-1.27626 -1.70107 0.294595 0.4775 0.902983 -0.02313 -0.995745 -0.0892
-1.33546 -1.28633 -1.30636 0.4775 0.9375 -0.021863 -0.970418 -0.24044
1.33546 -1.28633 -1.30636 0.5225 0.9375 0.021863 -0.970418 -0.24044
-1.2702 -0.71072 -3.49593 0.4775 0.986136 0.092231 -0.927665 -0.361843
-1.2516 -0.448834 -4.04227 0.4775 1 0.199202 -0.893642 -0.402147
1.2516 -0.448834 -4.04227 0.5225 1 -0.198163 -0.895466 -0.398587
-4.1321 0.482182 6.28726 0.425 0.5 -0.082416 0.957568 0.276172
-4.15917 1.10975 4.41839 0.425 0.443228 -0.14946 0.964078 0.219581
-5.57964 0.595491 4.08587 0.375591 0.49989 -0.423862 0.879084 0.218065
-4.15917 -0.984965 4.41839 0.425 0.806772 -0.212236 -0.966024 0.147487
-5.57208 -0.362469 4.08155 0.375378 0.75 -0.434733 -0.886044 0.161038
-6.0863 -0.362469 2.31898 0.394264 0.875 -0.431941 -0.892198 0.131948
-4.52689 1.04259 -2.33219 0.425 0.3125 -0.105189 0.965577 -0.237899
-5.45818 1.00229 -1.63581 0.410192 0.3125 -0.338289 0.910838 -0.236504
-5.8705 1.30291 0.204395 0.398258 0.353267 -0.403469 0.907172 -0.119382
6.0863 -0.362469 2.31898 0.605736 0.875 0.960735 0 0.277468
6.0863 0.637531 2.31898 0.605736 0.375 0.960735 0 0.277468
5.57725 0.595491 4.08155 0.624622 0.5 0.900725 0 0.43439
-4.1321 0.482182 6.28726 0.425 0.5 -0.728988 -0.003029 0.68452
-5.57964 0.595491 4.08587 0.375591 0.49989 -0.900721 -0.00462 0.434375
-5.57208 -0.362469 4.08155 0.375378 0.75 -0.899248 -0.004625 0.437415
6.0863 -0.362469 2.31898 0.605736 0.875 -0 0 1
6.90296 -0.362469 2.31898 0.625 0.875 -0 0 1
6.90296 0.637531 2.31898 0.75 0.25 -0 0 1
5.45436 -0.88558 -1.63858 0.589742 0.9375 0.271219 -0.949933 -0.155139
6.2813 -0.362469 -0.961949 0.57908 0.947917 0.643904 -0.740475 -0.192575
6.72158 -0.362469 0.587151 0.677005 0.447995 0.641966 -0.758965 -0.108868
-6.71537 0.637531 0.58715 0.271015 0.25 -0.982511 0.001527 -0.186196
-6.2813 0.637531 -0.961949 0.395922 0.3125 -0.96266 0.001496 -0.270711
-6.2813 -0.362469 -0.961949 0.395922 0.9375 -0.96266 0.001496 -0.270711
6.2813 -0.362469 -0.961949 0.57908 0.947917 -0.026678 0 0.999644
7.31755 -0.362469 -1.11068 0.625 0.9375 0.142074 0 0.989856
7.31755 0.637531 -1.11068 0.6875 0.25 0.142074 0 0.989856
-6.2813 0.637531 -0.961949 0.395922 0.3125 0.024596 0 0.999698
-7.31755 0.637531 -1.11068 0.375 0.3125 -0.142074 0 0.989856
-7.31755 -0.362469 -1.11068 0.3125 0 -0.142074 -0 0.989856
-5.92031 -1.02785 0.394739 0.397436 0.896708 -0.41174 -0.905015 -0.106853
-6.71847 -0.362469 0.587151 0.375 0.896015 -0.642258 -0.758679 -0.109136
-6.2813 -0.362469 -0.961949 0.395922 0.9375 -0.644113 -0.740496 -0.19179
-2.85081 -1.13069 -1.80841 0.455 0.9375 -0.095081 -0.975437 -0.198702
-2.81779 -1.58464 0.276449 0.455 0.900369 -0.090551 -0.991766 -0.090564
-4.6376 -1.32112 0.304052 0.425 0.897559 -0.148118 -0.984918 -0.089429
-4.52689 1.04259 -2.33219 0.425 0.3125 -0.105189 0.965577 -0.237899
-4.53161 1.59618 -0.332149 0.425 0.352441 -0.117937 0.984025 -0.133367
-2.84264 1.68342 0.154435 0.455 0.349631 0.11776 0.990222 -0.074791
-2.92923 1.27252 -1.80841 0.455 0.3125 0.078381 0.976664 -0.199957
-2.84264 1.68342 0.154435 0.455 0.349631 0.11776 0.990222 -0.074791
-1.2723 1.12552 0.31034 0.4775 0.347017 0.134823 0.990818 -0.010126
-1.33546 -1.28633 -1.30636 0.4775 0.9375 -0.021863 -0.970418 -0.24044
-1.27626 -1.70107 0.294595 0.4775 0.902983 -0.02313 -0.995745 -0.0892
-2.81779 -1.58464 0.276449 0.455 0.900369 -0.090551 -0.991766 -0.090564
-6.90296 0.637531 2.31898 0.25 0.25 -0.994278 0.001546 -0.106809
-6.71537 0.637531 0.58715 0.271015 0.25 -0.982511 0.001527 -0.186196
-6.71847 -0.362469 0.587151 0.271015 0 -0.982523 0.001527 -0.186135
-4.53161 1.59618 -0.332149 0.425 0.352441 -0.117937 0.984025 -0.133367
-5.8705 1.30291 0.204395 0.398258 0.353267 -0.403469 0.907172 -0.119382
-6.0863 1.30291 2.31898 0.394264 0.375 -0.415312 0.908558 -0.045139
5.45818 1.00229 -1.63581 0.589808 0.3125 0.33641 0.911548 -0.236449
5.87217 1.30291 0.204395 0.629556 0.325466 0.404951 0.906727 -0.117731
6.71847 0.637532 0.587151 0.677005 0.302005 0.627648 0.770726 -0.109722
2.92923 1.27252 -1.80841 0.545 0.3125 -0.078381 0.976665 -0.199957
2.84264 1.68342 0.154435 0.545 0.349631 -0.117759 0.990222 -0.07479
4.53161 1.59618 -0.332148 0.575 0.352441 0.117912 0.984028 -0.133362
2.89962 -1.50957 2.31898 0.545 0.875 0.093846 -0.99535 0.021697
2.81779 -1.58464 0.276449 0.545 0.900369 0.090551 -0.991766 -0.090564
4.6376 -1.32112 0.304051 0.575 0.897559 0.148086 -0.984924 -0.089421
1.33546 1.0878 -1.30636 0.5225 0.3125 -0.118159 0.990244 -0.073862
1.2723 1.12552 0.31034 0.5225 0.347017 -0.134823 0.990818 -0.010126
2.84264 1.68342 0.154435 0.545 0.349631 -0.117759 0.990222 -0.07479
1.2211 -1.60685 2.31898 0.5225 0.875 0.025625 -0.998684 0.044421
1.27626 -1.70107 0.294595 0.5225 0.902983 0.02313 -0.995745 -0.0892
2.81779 -1.58464 0.276449 0.545 0.900369 0.090551 -0.991766 -0.090564
4.6376 -1.32112 0.304051 0.575 0.897559 0.148086 -0.984924 -0.089421
5.92187 -1.02785 0.39474 0.631233 0.649727 0.411618 -0.90507 -0.106859
6.0863 -1.02785 2.31898 0.605736 0.875 0.435318 -0.89913 -0.045424
6.90296 -0.362469 2.31898 0.75 0 0.994466 0.001546 -0.105045
6.72158 -0.362469 0.587151 0.677005 0.447995 0.982523 0.001528 -0.186134
6.71847 0.637531 0.587151 0.677005 0.302005 0.982511 0.001528 -0.186197
-4.9733 1.29314 2.31898 0.425 0.375 -0.24956 0.953256 0.17036
-4.15917 1.10975 4.41839 0.425 0.443228 -0.14946 0.964078 0.219581
-2.41389 1.16923 4.18299 0.455 0.42706 0.102692 0.980454 0.16782
-4.1321 -0.385725 6.28726 0.425 0.75 -0.185778 -0.937227 0.295114
-4.15917 -0.984965 4.41839 0.425 0.806772 -0.212236 -0.966024 0.147487
-2.52052 -1.13198 4.73976 0.455 0.82294 -0.089597 -0.981789 0.167519
-2.89962 1.45571 2.31898 0.455 0.375 0.302965 0.949799 0.078058
-2.41389 1.16923 4.18299 0.455 0.42706 0.102692 0.980454 0.16782
-0.800967 0.639092 4.10999 0.4775 0.42096 0.095674 0.986635 0.1319
-2.4844 -0.368285 7.25266 0.455 0.75 -0.080916 -0.952568 0.29337
-2.52052 -1.13198 4.73976 0.455 0.82294 -0.089597 -0.981789 0.167519
-0.899974 -1.15969 4.90608 0.4775 0.82904 -0.021485 -0.983999 0.176871
-6.0863 0.637531 2.31898 0.394264 0.375 -0.432252 0.879533 0.198945
-5.57964 0.595491 4.08587 0.375591 0.49989 -0.423862 0.879084 0.218065
-4.15917 1.10975 4.41839 0.425 0.443228 -0.14946 0.964078 0.219581
-4.1321 -0.385725 6.28726 0.425 0.75 -0.185778 -0.937227 0.295114
-5.57208 -0.362469 4.08155 0.375378 0.75 -0.434733 -0.886044 0.161038
-4.15917 -0.984965 4.41839 0.425 0.806772 -0.212236 -0.966024 0.147487
4.9733 1.29314 2.31898 0.575 0.375 0.249679 0.953166 0.170688
4.15917 1.10975 4.41839 0.575 0.443228 0.149542 0.964041 0.219686
5.57725 0.595491 4.08155 0.624622 0.5 0.424631 0.878595 0.218539
4.1321 -0.385725 6.28726 0.575 0.75 0.185775 -0.937226 0.295118
4.15917 -0.984965 4.41839 0.575 0.806772 0.212098 -0.966063 0.147432
5.57725 -0.362469 4.08155 0.624622 0.75 0.433874 -0.886577 0.160419
2.89962 1.45571 2.31898 0.545 0.375 0.049322 0.989818 0.133518
2.41389 1.16923 4.18299 0.545 0.42706 -0.102692 0.980454 0.16782
4.15917 1.10975 4.41839 0.575 0.443228 0.149542 0.964041 0.219686
2.4844 -0.368285 7.25266 0.545 0.75 0.080916 -0.952568 0.29337
2.52052 -1.13198 4.73976 0.545 0.82294 0.089597 -0.981789 0.167519
4.15917 -0.984965 4.41839 0.575 0.806772 0.212098 -0.966063 0.147432
1.2211 0.941952 2.31898 0.5225 0.375 -0.166423 0.978707 0.120152
0.800967 0.639092 4.10999 0.5225 0.42096 -0.095674 0.986635 0.1319
2.41389 1.16923 4.18299 0.545 0.42706 -0.102692 0.980454 0.16782
0.91794 -0.316702 7.65795 0.5225 0.75 0.018767 -0.956086 0.292486
0.899974 -1.15969 4.90608 0.5225 0.82904 0.021485 -0.983999 0.176871
2.52052 -1.13198 4.73976 0.545 0.82294 0.089597 -0.981789 0.167519
4.1321 -0.385725 6.28726 0.575 0.75 0.724731 0 0.689032
5.57725 -0.362469 4.08155 0.624622 0.75 0.899186 0 0.437566
5.57725 0.595491 4.08155 0.624622 0.5 0.900725 0 0.43439
-6.0863 0.637531 2.31898 0.394264 0.375 -0.960628 -0.004323 0.277803
-6.0863 -0.362469 2.31898 0.394264 0.875 -0.960628 -0.004323 0.277803
-5.57208 -0.362469 4.08155 0.375378 0.75 -0.899248 -0.004625 0.437415
-6.90296 -0.362469 2.31898 0.25 0 -0 0 1
-6.0863 -0.362469 2.31898 0.394264 0.875 -0 0 1
-6.0863 0.637531 2.31898 0.394264 0.375 -0 0 1
4.52689 -0.88558 -2.33219 -0 -0 0.13449 -0.975659 -0.173211
5.45436 -0.88558 -1.63858 0.589742 0.9375 0.271219 -0.949933 -0.155139
5.92187 -1.02785 0.39474 0.631233 0.649727 0.411618 -0.90507 -0.106859
-5.17077 -0.788624 -3.48957 0.410843 0.969086 -0.351857 -0.897978 -0.264256
-6.2813 -1.04003 -0.96195 0.396378 0.9375 -0.421663 -0.872549 -0.246695
-7.31755 -0.362469 -1.11068 0.375 0.9375 -0.44043 -0.864385 -0.242611
-0.800967 0.639092 4.10999 0.4775 0.42096 0.095674 0.986635 0.1319
-0.91794 0.291938 7.65795 0.4775 0.5 0.077053 0.988593 0.129411
0.91794 0.291938 7.65795 0.5225 0.5 -0.077053 0.988593 0.129411
-0.91794 -0.316702 7.65795 0.4775 0.75 -0.018767 -0.956086 0.292486
-0.899974 -1.15969 4.90608 0.4775 0.82904 -0.021485 -0.983999 0.176871
0.899974 -1.15969 4.90608 0.5225 0.82904 0.021485 -0.983999 0.176871
5.87217 1.30291 0.204395 0.629556 0.325466 0.404951 0.906727 -0.117731
4.53161 1.59618 -0.332148 0.575 0.352441 0.117912 0.984028 -0.133362
4.9733 1.59618 2.31898 0.575 0.375 0.137582 0.990211 -0.023511
4.53161 1.59618 -0.332148 0.575 0.352441 0.117912 0.984028 -0.133362
5.87217 1.30291 0.204395 0.629556 0.325466 0.404951 0.906727 -0.117731
5.45818 1.00229 -1.63581 0.589808 0.3125 0.33641 0.911548 -0.236449
-6.0863 1.30291 2.31898 0.394264 0.375 -0.415312 0.908558 -0.045139
-5.8705 1.30291 0.204395 0.398258 0.353267 -0.403469 0.907172 -0.119382
-6.76677 0.63753 0.689949 0.375 0.353985 -0.620094 0.777717 -0.103151
-5.45818 1.00229 -1.63581 0.410192 0.3125 -0.338289 0.910838 -0.236504
-6.2813 0.637531 -0.961949 0.395922 0.3125 -0.606823 0.763287 -0.221717
-6.76677 0.63753 0.689949 0.375 0.353985 -0.620094 0.777717 -0.103151
6.0863 -1.02785 2.31898 0.605736 0.875 0.435318 -0.89913 -0.045424
5.92187 -1.02785 0.39474 0.631233 0.649727 0.411618 -0.90507 -0.106859
6.72158 -0.362469 0.587151 0.677005 0.447995 0.641966 -0.758965 -0.108868
-4.9733 -1.32112 2.31898 0.425 0.875 -0.168515 -0.985655 -0.009318
-6.0863 -1.02785 2.31898 0.394264 0.875 -0.435703 -0.898919 -0.045902
-5.92031 -1.02785 0.394739 0.397436 0.896708 -0.41174 -0.905015 -0.106853
-4.6376 -1.32112 0.304052 0.425 0.897559 -0.148118 -0.984918 -0.089429
-5.92031 -1.02785 0.394739 0.397436 0.896708 -0.41174 -0.905015 -0.106853
-5.45436 -0.88558 -1.63858 -0 -0 -0.271442 -0.949898 -0.154963
2.70738 -0.643409 -7.07459 0.545 1 -0.358532 -0.373315 -0.855623
2.82758 0.25371 -7.51638 0.545 0.25 -0.358532 -0.373315 -0.855623
3.43566 0.150424 -7.72612 0.575 0.25 -0.358532 -0.373315 -0.855623
-3.43566 0.150424 -7.72612 0.425 0.25 0.358534 -0.373315 -0.855622
-2.82758 0.25371 -7.51638 0.455 0.25 0.358534 -0.373315 -0.855622
-2.70738 -0.643409 -7.07459 0.455 0 0.358534 -0.373315 -0.855622
2.82758 0.25371 -7.51638 0.545 0.25 0.033274 0.898919 -0.43685
3.25217 1.08344 -5.82022 -0 -0 0.091763 0.971861 -0.216946
4.27376 0.910853 -6.05401 0.575 0.25 0.087678 0.968423 -0.233389
2.70738 -0.643409 -7.07459 0.545 1 -0.980499 0.176563 0.086302
2.88817 -0.362469 -5.5674 0.545 1 -0.980498 0.176563 0.086302
3.07069 0.63745 -5.5674 -0 -0 -0.967343 0.252096 0.026346
3.31546 -0.746696 -7.28434 0.575 0 0.019031 -0.974666 0.222854
4.08385 -0.362469 -5.96343 0.575 0 0.019031 -0.974666 0.222854
2.88817 -0.362469 -5.5674 0.545 1 0.019031 -0.974666 0.222854
3.43566 0.150424 -7.72612 0.575 0.25 0.886004 -0.24034 -0.396527
4.28579 0.637531 -5.96343 0.575 0.25 0.924348 -0.174117 -0.339504
4.08385 -0.362469 -5.96343 0.575 0 0.885513 -0.242635 -0.396227
-2.82758 0.25371 -7.51638 0.455 0.25 0.97829 0.189664 0.083518
-3.07069 0.63745 -5.5674 0.455 0.25 0.967488 0.251379 0.027834
-2.88817 -0.362469 -5.5674 0.455 0 0.980498 0.176564 0.086302
-3.43566 0.150424 -7.72612 0.425 0.25 -0.033274 0.898919 -0.43685
-4.27376 0.910853 -6.05401 0.425 0.25 -0.107801 0.967855 -0.227235
-3.25217 1.08344 -5.82022 0.455 0.25 -0.113504 0.9711 -0.209957
-3.31546 -0.746696 -7.28434 0.425 1 -0.885513 -0.242635 -0.396227
-4.08385 -0.362469 -5.96343 0.425 1 -0.885513 -0.242635 -0.396227
-4.28579 0.637531 -5.96343 0.425 0.25 -0.923329 -0.175628 -0.341494
-2.70738 -0.643409 -7.07459 0.455 0 -0.019031 -0.974666 0.222854
-2.88817 -0.362469 -5.5674 0.455 0 -0.019031 -0.974666 0.222854
-4.08385 -0.362469 -5.96343 0.425 1 -0.019031 -0.974666 0.222854
-5.45818 1.33636 -1.63581 0.410192 0.3125 0.617147 0 0.786848
-5.45818 1.00229 -1.63581 0.410192 0.3125 0.61993 0 0.784657
-4.52689 1.04259 -2.33219 0.425 0.3125 0.598855 0 0.800858
-5.45818 1.00229 -1.63581 0.410192 0.3125 0.61993 0 0.784657
-5.45818 1.33636 -1.63581 0.410192 0.3125 0.617147 0 0.786848
-6.2813 1.15235 -0.961949 0.395922 0.3125 0.449393 0 0.893334
6.2813 1.15235 -0.961949 -0 -0 -0.449393 0 0.893334
6.2813 0.637531 -0.961949 -0 -0 -0.024596 0 0.999697
7.31755 0.637531 -1.11068 0.396378 0.9375 0.142074 0 0.989856
-4.52689 1.33636 -2.33219 0.630001 0.255001 -0.311527 0 0.950237
-4.52689 1.04259 -2.33219 0.630001 0.255001 -0.311527 0 0.950237
-2.92923 1.27252 -1.80841 0.575 0.25 -0.307282 0 0.951618
2.92923 1.49635 -1.80841 0.625 0.9375 0.307396 -1e-06 0.951582
2.92923 1.27252 -1.80841 0.625 0.9375 0.307282 -1e-06 0.951618
4.52689 1.04259 -2.33219 0.57908 0.947917 0.311527 -1e-06 0.950237
-2.92923 1.49635 -1.80841 0.625 0.992499 -0.307396 0 0.951582
-2.92923 1.27252 -1.80841 0.625 0.992499 -0.307282 0 0.951618
-1.33546 1.0878 -1.30636 0.625 0.9375 -0.300455 0 0.953796
1.33546 1.19339 -1.30636 0.455 0.25 0.300456 0 0.953796
1.33546 1.0878 -1.30636 0.455 0.25 0.300456 0 0.953796
2.92923 1.27252 -1.80841 0.425 0.25 0.307282 -1e-06 0.951618
-1.33546 1.19339 -1.30636 0.425 1 0 0 1
-1.33546 1.0878 -1.30636 0.425 1 0 0 1
1.33546 1.0878 -1.30636 0.455 1 0 0 1
5.45818 1.00229 -1.63581 0.575 0.25 -0.61993 0 0.784657
6.2813 0.637531 -0.961949 -0 -0 -0.024596 0 0.999697
6.2813 1.15235 -0.961949 -0 -0 -0.449393 0 0.893334
4.52689 1.33636 -2.33219 0.545 0.3125 -0.598855 1e-06 0.800858
4.52689 1.04259 -2.33219 0.545 0.3125 -0.598855 1e-06 0.800858
5.45818 1.00229 -1.63581 0.575 0.3125 -0.61993 0 0.784657
-6.2813 1.15235 -0.961949 0.575 1 0.449393 0 0.893334
-7.31755 0.637531 -1.11068 0.545 1 -0.142074 0 0.989856
-6.2813 0.637531 -0.961949 0.575 1 0.024596 0 0.999698
-4.52689 -1.30204 -2.33219 0.4775 0.9375 0.598903 0 0.800822
-4.52689 -0.88558 -2.33219 0.4775 0.9375 0.598903 0 0.800822
-5.45436 -0.88558 -1.63858 0.455 0.9375 0.620194 0 0.784448
6.2813 -1.04003 -0.961949 0.5225 0.25 -0.452284 0 0.891874
7.31755 -0.362469 -1.11068 -0 -0 0.142074 0 0.989856
6.2813 -0.362469 -0.961949 0.5225 0.25 -0.026678 0 0.999644
-2.85081 -1.49049 -1.80841 0.5225 1 -0.305804 0 0.952094
-2.85081 -1.13069 -1.80841 0.5225 1 -0.304782 0 0.952422
-4.52689 -0.88558 -2.33219 0.545 1 -0.298276 0 0.95448
4.52689 -1.30204 -2.33219 0.4775 0.3125 0.298276 0 0.95448
4.52689 -0.88558 -2.33219 0.4775 0.3125 0.298276 0 0.95448
2.85081 -1.13069 -1.80841 0.5225 0.3125 0.304782 0 0.952422
-1.33546 -1.58777 -1.30636 0.5225 0.9375 -0.123061 0 0.992399
-1.33546 -1.28633 -1.30636 0.5225 0.9375 -0.130688 0 0.991424
-2.85081 -1.13069 -1.80841 0.4775 0.9375 -0.304782 0 0.952422
2.85081 -1.49049 -1.80841 0.575 0.3125 0.305804 0 0.952094
2.85081 -1.13069 -1.80841 0.575 0.3125 0.304782 0 0.952422
1.33546 -1.28633 -1.30636 0.589808 0.3125 0.130688 0 0.991424
1.33546 -1.58777 -1.30636 0.37123 0.25377 0.123061 0 0.992399
1.33546 -1.28633 -1.30636 0.37123 0.25377 0.130688 0 0.991424
-1.33546 -1.28633 -1.30636 0.375 0.3125 -0.130688 0 0.991424
5.45436 -1.22404 -1.63858 0.589742 0.9375 -0.616741 0 0.787166
5.45436 -0.88558 -1.63858 0.589742 0.9375 -0.620194 0 0.784448
4.52689 -0.88558 -2.33219 -0 -0 -0.598903 0 0.800822
5.45436 -0.88558 -1.63858 0.589742 0.9375 -0.620194 0 0.784448
5.45436 -1.22404 -1.63858 0.589742 0.9375 -0.616741 0 0.787166
6.2813 -1.04003 -0.961949 0.57908 0.947917 -0.452284 0 0.891874
-6.2813 -1.04003 -0.96195 0.396378 0.9375 0.452284 -0 0.891874
-6.2813 -0.362469 -0.961949 0.395922 0.9375 0.026677 -0 0.999644
-7.31755 -0.362469 -1.11068 0.375 0.9375 -0.142074 -0 0.989856
-5.45436 -0.88558 -1.63858 0.4775 0.25 0.620194 0 0.784448
-6.2813 -0.362469 -0.961949 0.395922 0.9375 0.026677 -0 0.999644
-6.2813 -1.04003 -0.96195 0.396378 0.9375 0.452284 -0 0.891874
-1.2723 1.12552 0.31034 0.4775 0.347017 0.134823 0.990818 -0.010126
-1.2211 1.02476 2.31898 0.4775 0.375 0.151 0.987909 0.03514
1.2211 1.02476 2.31898 0.5225 0.375 -0.151 0.987909 0.03514
-1.2211 -1.60685 2.31898 0.4775 0.875 -0.025625 -0.998684 0.044421
-1.27626 -1.70107 0.294595 0.4775 0.902983 -0.02313 -0.995745 -0.0892
1.27626 -1.70107 0.294595 0.5225 0.902983 0.02313 -0.995745 -0.0892
6.2813 0.637531 -0.961949 -0 -0 0.962155 0.001496 -0.2725
6.71847 0.637531 0.587151 0.677005 0.302005 0.982511 0.001528 -0.186197
6.72158 -0.362469 0.587151 0.677005 0.447995 0.982523 0.001528 -0.186134
-6.0863 -1.02785 2.31898 0.394264 0.875 -0 0 1
-6.0863 -0.362469 2.31898 0.394264 0.875 -0 0 1
-6.90296 -0.362469 2.31898 0.375 0.875 -0 0 1
-2.89962 -1.50957 2.31898 0.455 0.875 0 0 1
-2.89962 -1.15732 2.31898 0.455 0.875 0 0 1
-4.9733 -0.913024 2.31898 0.425 0.875 -0 0 1
-1.2211 -1.60685 2.31898 0.605736 0.375 0 0 1
-1.2211 -1.31296 2.31898 0.605736 0.375 0 0 1
-2.89962 -1.15732 2.31898 0.625 0.375 0 0 1
4.9733 -1.32112 2.31898 0.4775 0.9375 -0 0 1
4.9733 -0.913024 2.31898 0.4775 0.9375 -0 0 1
2.89962 -1.15732 2.31898 0.5225 0.9375 -0 0 1
2.89962 -1.50957 2.31898 0.425 0.3125 -0 0 1
2.89962 -1.15732 2.31898 0.425 0.3125 -0 0 1
1.2211 -1.31296 2.31898 0.410192 0.3125 0 0 1
6.0863 -1.02785 2.31898 0.57908 0.947917 0 0 1
6.0863 -0.362469 2.31898 0.57908 0.947917 -0 0 1
4.9733 -0.913024 2.31898 0.677005 0.447995 -0 0 1
6.0863 -1.02785 2.31898 0.395922 0.9375 0 0 1
6.90296 -0.362469 2.31898 0.375 0.896015 -0 0 1
6.0863 -0.362469 2.31898 0.395922 0.9375 -0 0 1
-4.9733 -1.32112 2.31898 0.425 0.9375 -0 0 1
-4.9733 -0.913024 2.31898 0.425 0.9375 -0 0 1
-6.0863 -0.362469 2.31898 0.455 0.9375 -0 0 1
1.2211 -1.60685 2.31898 0.4775 0.3125 0 0 1
1.2211 -1.31296 2.31898 0.4775 0.3125 0 0 1
-1.2211 -1.31296 2.31898 0.455 0.3125 0 0 1
6.90296 0.637532 2.31898 0.455 0.9375 0.994306 0 -0.106563
6.90296 0.637531 2.31898 0.455 0.9375 0.994306 0 -0.106563
6.71847 0.637531 0.587151 0.4775 0.9375 0.994306 0 -0.106563
6.0863 1.30291 2.31898 0.394264 0.375 0 0 1
6.0863 0.637531 2.31898 0.394264 0.375 0 0 1
6.90296 0.637531 2.31898 0.425 0.375 -0 0 1
-4.9733 1.59618 2.31898 -0 -0 -0 0 1
-4.9733 1.29314 2.31898 -0 -0 -0 0 1
-2.89962 1.45571 2.31898 0.589808 0.3125 -0 0 1
2.89962 1.73199 2.31898 0.677005 0.302005 -0 0 1
2.89962 1.45571 2.31898 0.677005 0.302005 -0 0 1
4.9733 1.29314 2.31898 -0 -0 0 0 1
-2.89962 1.73199 2.31898 0.575 0.3125 -0 0 1
-2.89962 1.45571 2.31898 0.575 0.3125 -0 0 1
-1.2211 0.941952 2.31898 0.545 0.3125 -0 0 1
1.2211 1.02476 2.31898 0.575 0.875 -0 0 1
1.2211 0.941952 2.31898 0.575 0.875 -0 0 1
2.89962 1.45571 2.31898 0.545 0.875 -0 0 1
-6.0863 1.30291 2.31898 0.575 0.375 -0 0 1
-6.0863 0.637531 2.31898 0.575 0.375 -0 0 1
-4.9733 1.29314 2.31898 0.605736 0.375 -0 0 1
6.71847 0.637532 0.587151 0.375 0.375 0.962048 0 -0.27288
6.71847 0.637531 0.587151 0.375 0.375 0.962048 0 -0.27288
6.2813 0.637531 -0.961949 0.394264 0.375 0 0 -0
4.9733 1.59618 2.31898 0.410192 0.3125 0 0 1
4.9733 1.29314 2.31898 0.410192 0.3125 0 0 1
6.0863 0.637531 2.31898 0.395922 0.3125 0 0 1
-6.90296 0.63753 2.31898 0.677005 0.447995 0 0 1
-6.90296 0.637531 2.31898 0.677005 0.447995 -0 0 1
-6.0863 0.637531 2.31898 0.625 0.875 -0 0 1
-6.76677 0.63753 0.689949 0.425 0.875 5e-05 -1 5e-06
-6.71537 0.637531 0.58715 0.425 0.875 5e-05 -1 5e-06
-6.90296 0.637531 2.31898 0.394264 0.875 5e-05 -1 5e-06
-6.76677 0.63753 0.689949 0.425 0.9375 4.6e-05 -1 1.3e-05
-6.2813 0.637531 -0.961949 -0 -0 4.6e-05 -1 1.3e-05
-6.71537 0.637531 0.58715 0.425 0.9375 4.6e-05 -1 1.3e-05
-1.2211 1.02476 2.31898 0.5225 0.875 0 0 1
-1.2211 0.941952 2.31898 0.5225 0.875 0 0 1
1.2211 0.941952 2.31898 0.4775 0.875 0 0 1
-3.25217 1.08344 -5.82022 0.455 0.25 0.931985 0.361082 -0.032001
-3.06628 1.3653 -3.46034 0.455 0.286467 0.940997 0.319256 -0.112254
-3.07069 0.63745 -5.5674 0.455 0.25 0.967488 0.251379 0.027834
-4.27376 0.910853 -6.05401 0.545 0.3125 -0.971565 -0.034839 -0.234198
-3.43566 0.150424 -7.72612 -0 -0 -0.886004 -0.24034 -0.396527
-4.28579 0.637531 -5.96343 0.545 0.3125 -0.923329 -0.175628 -0.341494
-3.25217 1.08344 -5.82022 0.545 0.3125 0.931985 0.361082 -0.032001
-3.07069 0.63745 -5.5674 0.545 0.3125 0.967488 0.251379 0.027834
-2.82758 0.25371 -7.51638 0.575 0.3125 0.97829 0.189664 0.083518
4.27376 0.910853 -6.05401 0.545 0.25 0.97315 -0.032662 -0.227842
4.4581 1.23945 -3.35583 0.566646 0.25 0.997292 0.020501 -0.070632
4.28579 0.637531 -5.96343 0.545 0.25 0.924348 -0.174117 -0.339504
3.25217 1.08344 -5.82022 0.425 0.25 -0.932206 0.360386 -0.033388
2.82758 0.25371 -7.51638 0.425 0.25 -0.978291 0.189664 0.083518
3.07069 0.63745 -5.5674 0.425 0.25 -0.967343 0.252096 0.026346
4.27376 0.910853 -6.05401 0.455 0.25 0.97315 -0.032662 -0.227842
4.28579 0.637531 -5.96343 0.455 0.25 0.924348 -0.174117 -0.339504
3.43566 0.150424 -7.72612 0.455 0.25 0.886004 -0.24034 -0.396527
-5.27226 0.982992 -3.49098 0.410626 0.280897 -0.29608 0.93205 -0.208851
-4.44979 1.15127 -3.47955 0.425 0.292992 -0.182254 0.970816 -0.155882
-4.28579 0.637531 -5.96343 0.425 0.25 -0.243386 0.942556 -0.228804
-6.2813 -1.04003 -0.96195 0.396378 0.9375 -0.421663 -0.872549 -0.246695
-5.17077 -0.788624 -3.48957 0.410843 0.969086 -0.351857 -0.897978 -0.264256
-4.38701 -1.00539 -3.47868 0.425 0.957233 -0.158747 -0.949616 -0.27024
7.31755 -0.362469 -1.11068 0.6875 0 0.902078 0 -0.431573
5.91988 -0.362469 -4.0321 0.632501 0 0.839667 -0.033742 -0.542053
5.91988 0.637531 -4.0321 0.630001 0.255001 0.839667 -0.033742 -0.542053
-7.31755 0.637531 -1.11068 0.3125 0.25 -0.902078 0 -0.431573
-5.91988 0.637531 -4.0321 0.37123 0.25377 -0.839667 -0.033742 -0.542053
-5.91988 -0.362469 -4.0321 0.369345 0 -0.839667 -0.033742 -0.542053
5.33102 1.00357 -3.34371 0.273821 0.119053 0.314598 0.925996 -0.20871
5.91988 0.637531 -4.0321 0.630001 0.255001 0.325443 0.91955 -0.22026
4.28579 0.637531 -5.96343 0.575 0.25 0.273056 0.931801 -0.239139
6.2813 -1.04003 -0.961949 0.57908 0.947917 0.425746 -0.871019 -0.245085
5.23426 -0.813519 -3.34505 0.577136 0.972733 0.367692 -0.892406 -0.26156
5.91988 -0.362469 -4.0321 0.625 0.992499 0.380496 -0.885121 -0.267926
-2.92923 1.49635 -1.80841 0.455 0.3125 0.135949 0.984929 -0.106925
-3.06628 1.3653 -3.46034 0.455 0.286467 0.090629 0.978839 -0.183471
-4.44979 1.15127 -3.47955 0.425 0.292992 -0.182254 0.970816 -0.155882
-4.52689 -1.30204 -2.33219 0.425 0.9375 -0.20082 -0.948752 -0.244009
-4.38701 -1.00539 -3.47868 0.425 0.957233 -0.158747 -0.949616 -0.27024
-2.75985 -1.14142 -3.64226 0.507216 0.941884 0.088276 -0.950126 -0.299112
3.25217 1.08344 -5.82022 -0 -0 0.091763 0.971861 -0.216946
3.05922 1.37557 -3.37526 0.332138 0.190446 -0.101568 0.978315 -0.180508
4.4581 1.23945 -3.35583 0.575 0.29531 0.179726 0.971339 -0.155562
2.85081 -1.49049 -1.80841 -0 -0 -0.07847 -0.964609 -0.25174
2.75584 -1.15927 -3.56776 0.218011 0.40002 -0.099649 -0.951321 -0.291647
4.24679 -0.982606 -3.89064 0.162215 0.282113 0.148463 -0.948902 -0.278465
-1.33546 1.19339 -1.30636 0.4775 0.3125 0.07676 0.990306 -0.115764
-1.2702 0.933865 -3.43539 0.4775 0.263864 0.120822 0.954737 -0.271806
-3.06628 1.3653 -3.46034 0.455 0.286467 0.090629 0.978839 -0.183471
-2.85081 -1.49049 -1.80841 0.455 0.9375 0.08114 -0.962153 -0.260149
-2.75985 -1.14142 -3.64226 0.507216 0.941884 0.088276 -0.950126 -0.299112
-1.2702 -0.71072 -3.49593 0.4775 0.986136 0.092231 -0.927665 -0.361843
1.43077 0.423782 -4.04227 0.5225 0.25 -0.228681 0.843692 -0.485684
1.27128 0.939945 -3.40009 0.5225 0.26467 -0.119005 0.955306 -0.270607
3.05922 1.37557 -3.37526 0.327236 0.187635 -0.101568 0.978315 -0.180508
1.33546 -1.58777 -1.30636 0.5225 0.9375 -0.04893 -0.936723 -0.346635
1.27128 -0.722842 -3.46063 0.5225 0.98533 -0.091044 -0.927662 -0.362154
2.75584 -1.15927 -3.56776 0.218011 0.40002 -0.099649 -0.951321 -0.291647
-1.43077 0.423782 -4.04227 0.4775 0.25 0.233012 0.838103 -0.493243
-1.2702 0.933865 -3.43539 0.4775 0.263864 0.120822 0.954737 -0.271806
1.27128 0.939945 -3.40009 0.5225 0.26467 -0.119005 0.955306 -0.270607
-1.33546 -1.58777 -1.30636 0.4775 0.9375 0.050913 -0.936885 -0.345912
-1.2702 -0.71072 -3.49593 0.4775 0.986136 0.092231 -0.927665 -0.361843
1.27128 -0.722842 -3.46063 0.5225 0.98533 -0.091044 -0.927662 -0.362154
6.2813 1.15235 -0.961949 -0 -0 0.365263 0.910433 -0.194152
5.33102 1.00357 -3.34371 0.273821 0.119053 0.314598 0.925996 -0.20871
4.4581 1.23945 -3.35583 0.575 0.294882 0.179726 0.971339 -0.155562
-6.2813 1.15235 -0.961949 0.395922 0.3125 -0.357146 0.913079 -0.196809
-5.27226 0.982992 -3.49098 0.410626 0.280897 -0.29608 0.93205 -0.208851
-5.91988 0.637531 -4.0321 0.37123 0.25377 -0.318147 0.924043 -0.211961
4.52689 -1.30204 -2.33219 -0 -0 0.200271 -0.952262 -0.230411
4.24679 -0.982606 -3.89064 0.162215 0.282113 0.148463 -0.948902 -0.278465
5.23426 -0.813519 -3.34505 0.577136 0.972733 0.367692 -0.892406 -0.26156
-4.27376 0.910853 -6.05401 0.425 0.25 -0.971565 -0.034839 -0.234198
-4.28579 0.637531 -5.96343 0.425 0.25 -0.923329 -0.175628 -0.341494
-4.44979 1.15127 -3.47955 0.425 0.292992 -0.997324 0.020671 -0.070121
3.25217 1.08344 -5.82022 0.545 0.25 -0.932206 0.360386 -0.033388
3.07069 0.63745 -5.5674 0.545 0.25 -0.967343 0.252096 0.026346
3.05922 1.37557 -3.37526 0.215313 0.098767 -0.941006 0.319178 -0.112397
1.28076 1.18283 2.47962 0.416667 0.38 0.992132 0.053535 0.113173
0.864431 0.92979 4.23429 0.416667 0.3125 0.955598 0.046128 0.291041
0.898732 0.11332 4.23429 0.375 0.3125 0.954914 0.046003 0.293297
0 1.86624 2.22189 0.458333 0.38 0.424714 0.89821 0.113304
0 1.43703 4.00661 0.458333 0.3125 0.424344 0.866721 0.262158
0.864431 0.92979 4.23429 0.416667 0.3125 0.418787 0.862878 0.282946
-1.28076 1.18283 2.47962 0.5 0.38 -0.426465 0.895363 0.12827
-0.864431 0.92979 4.23429 0.5 0.3125 -0.418787 0.862878 0.282946
0 1.43703 4.00661 0.458333 0.3125 -0.424344 0.866721 0.262158
-1.35019 -0.060034 2.47962 0.541667 0.38 -0.992041 0.053508 0.113982
-0.898732 0.113321 4.23429 0.541667 0.3125 -0.954914 0.046003 0.293297
-0.864431 0.92979 4.23429 0.5 0.3125 -0.955598 0.046128 0.291041
0 -0.823131 2.22189 0.583333 0.38 -0.455084 -0.884479 0.102935
0 -0.393918 4.00661 0.583333 0.3125 -0.437193 -0.868451 0.233785
-0.898732 0.113321 4.23429 0.541667 0.3125 -0.433326 -0.867505 0.244263
1.35019 -0.060034 2.47962 0.625 0.38 0.454415 -0.883291 0.115348
0.898732 0.11332 4.23429 0.625 0.3125 0.433325 -0.867505 0.244263
0 -0.393918 4.00661 0.583333 0.3125 0.437193 -0.868451 0.233785
-0.864431 0.92979 4.23429 0.421875 0.291566 -0.418787 0.862878 0.282946
0 0.415596 6.11192 0.5 0.15625 -0.381698 0.831582 0.403459
0 1.43703 4.00661 0.34375 0.15625 -0.424344 0.866721 0.262158
0 -0.393918 4.00661 0.65625 0.15625 -0.437193 -0.868451 0.233785
0 0.415596 6.11192 0.5 0.15625 -0.399567 -0.855632 0.329
-0.898732 0.113321 4.23429 0.578125 0.291566 -0.433326 -0.867505 0.244263
0.864431 0.92979 4.23429 0.421875 0.020934 0.955598 0.046128 0.291041
0 0.415596 6.11192 0.5 0.15625 0.903713 0.037966 0.426453
0.898732 0.11332 4.23429 0.578125 0.020934 0.954914 0.046003 0.293297
1.57179 -0.284804 -2.72022 0.5 0.6005 0.317931 -0.94805 -0.010961
1.51664 -0.213563 -0.219706 0.625 0.5375 0.416482 -0.908846 0.023251
0 -0.961047 -0.460194 0.583333 0.5375 0.408919 -0.912429 0.016092
0 -0.7354 -2.97454 0.583333 0.6005 -0.303489 -0.952819 -0.005574
0 -0.961047 -0.460194 0.583333 0.5375 -0.40892 -0.912429 0.016092
-1.51664 -0.213563 -0.219706 0.541667 0.5375 -0.416483 -0.908846 0.023251
-1.57179 -0.284804 -2.72022 0.541667 0.6005 -0.998273 0.057677 -0.011133
-1.51664 -0.213563 -0.219706 0.541667 0.5375 -0.997687 0.056469 0.037854
-1.42801 1.39461 -0.219706 0.5 0.5375 -0.997673 0.056448 0.038229
-1.47608 1.28674 -2.66928 0.5 0.6005 -0.338232 0.93754 -0.081352
-1.42801 1.39461 -0.219706 0.5 0.5375 -0.390856 0.92041 0.00878
0 2.00416 -0.460194 0.458333 0.5375 -0.385192 0.922831 -0.003072
0 1.73867 -2.97454 0.458333 0.6005 0.332877 0.939004 -0.086403
0 2.00416 -0.460194 0.458333 0.5375 0.385193 0.922831 -0.003072
1.42801 1.39461 -0.219706 0.416667 0.5375 0.390857 0.92041 0.00878
1.47608 1.28674 -2.66928 0.416667 0.6005 0.998316 0.057662 -0.006297
1.42801 1.39461 -0.219706 0.416667 0.5375 0.997673 0.056447 0.038229
1.51664 -0.213563 -0.219706 0.375 0.5375 0.997687 0.056469 0.037854
1.51664 -0.213563 -0.219706 0.625 0.5375 0.416482 -0.908846 0.023251
1.35019 -0.060034 2.47962 0.625 0.38 0.454415 -0.883291 0.115348
0 -0.823131 2.22189 0.583333 0.38 0.455084 -0.884479 0.102935
0 -0.961047 -0.460194 0.583333 0.5375 -0.40892 -0.912429 0.016092
0 -0.823131 2.22189 0.583333 0.38 -0.455084 -0.884479 0.102935
-1.35019 -0.060034 2.47962 0.541667 0.38 -0.454415 -0.883291 0.115348
-1.51664 -0.213563 -0.219706 0.541667 0.5375 -0.997687 0.056469 0.037854
-1.35019 -0.060034 2.47962 0.541667 0.38 -0.992041 0.053508 0.113982
-1.28076 1.18283 2.47962 0.5 0.38 -0.992132 0.053535 0.113173
-1.42801 1.39461 -0.219706 0.5 0.5375 -0.390856 0.92041 0.00878
-1.28076 1.18283 2.47962 0.5 0.38 -0.426465 0.895363 0.12827
0 1.86624 2.22189 0.458333 0.38 -0.424713 0.89821 0.113304
0 2.00416 -0.460194 0.458333 0.5375 0.385193 0.922831 -0.003072
0 1.86624 2.22189 0.458333 0.38 0.424714 0.89821 0.113304
1.28076 1.18283 2.47962 0.416667 0.38 0.426465 0.895363 0.128269
1.42801 1.39461 -0.219706 0.416667 0.5375 0.997673 0.056447 0.038229
1.28076 1.18283 2.47962 0.416667 0.38 0.992132 0.053535 0.113173
1.35019 -0.060034 2.47962 0.375 0.38 0.992041 0.053508 0.113982
-1.41854 -0.196824 -5.00098 0.541667 0.6875 -0.990612 -0.01493 -0.13589
-1.49826 -0.491047 -4.0825 0.770833 0.81375 -0.994044 0.070938 -0.082729
-1.41199 1.15879 -4.05212 0.5 0.6275 -0.99433 0.069698 -0.080308
-1.22575 0.854658 -5.2163 0.5 0.6875 -0.277484 0.894715 -0.349982
-1.41199 1.15879 -4.05212 0.5 0.6275 -0.294754 0.936542 -0.18976
0 1.5654 -4.1727 0.458333 0.6275 -0.294194 0.935071 -0.197718
0 1.18461 -5.38401 0.458333 0.6875 0.277537 0.894832 -0.349642
0 1.5654 -4.1727 0.458333 0.6275 0.294194 0.935071 -0.197718
1.41199 1.15879 -4.05212 0.416667 0.6275 0.294754 0.936542 -0.18976
1.22575 0.854658 -5.2163 0.416667 0.6875 0.987412 0.096246 -0.125516
1.41199 1.15879 -4.05212 0.416667 0.6275 0.99433 0.069698 -0.080308
1.49826 -0.491047 -4.0825 0.5 0.6275 0.994044 0.070938 -0.082729
0 0.415596 6.11192 0.5 0.15625 0.381698 0.831581 0.403459
0.864431 0.92979 4.23429 0.421875 0.020934 0.418787 0.862878 0.282946
0 1.43703 4.00661 0.34375 0.15625 0.424344 0.866721 0.262158
0 0.415596 6.11192 0.5 0.15625 0.399566 -0.855632 0.329
0 -0.393918 4.00661 0.65625 0.15625 0.437193 -0.868451 0.233785
0.898732 0.11332 4.23429 0.578125 0.020934 0.433325 -0.867505 0.244263
0 0.415596 6.11192 0.5 0.15625 -0.903713 0.037966 0.426453
-0.864431 0.92979 4.23429 0.421875 0.291566 -0.955598 0.046128 0.291041
-0.898732 0.113321 4.23429 0.578125 0.291566 -0.954914 0.046003 0.293297
0.465177 -1.73525 -4.91303 0.583333 0.6875 0.2858 -0.933742 -0.215511
0.25844 -0.673316 -5.90305 0.583333 0.6875 0.192013 -0.417963 -0.88794
1.27081 -0.290717 -5.81265 0.5 0.6875 0.168935 -0.338629 -0.92563
-0 -0.622277 -5.02824 0.583333 0.6875 0.94789 -0.276097 -0.158983
-0.020378 -0.615209 -4.05212 0.583333 0.6275 0.951726 -0.301639 -0.056845
-0.465178 -1.73525 -4.91303 0.583333 0.6875 0.932117 -0.352374 -0.083607
-1.21832 -1.51995 -4.91303 0.541667 0.6875 -0.286941 -0.915114 -0.283252
-1.27081 -0.290716 -5.81265 0.541667 0.6875 -0.168935 -0.338629 -0.92563
-0.25844 -0.673316 -5.90305 0.583333 0.6875 -0.192014 -0.417963 -0.88794
-1.49826 -0.491047 -4.0825 0.770833 0.81375 -0.994044 0.070938 -0.082729
-1.57179 -0.284804 -2.72022 0.541667 0.6005 -0.998273 0.057677 -0.011133
-1.47608 1.28674 -2.66928 0.5 0.6005 -0.998316 0.057662 -0.006297
-1.41199 1.15879 -4.05212 0.5 0.6275 -0.294754 0.936542 -0.18976
-1.47608 1.28674 -2.66928 0.5 0.6005 -0.338232 0.93754 -0.081352
0 1.73867 -2.97454 0.458333 0.6005 -0.332876 0.939004 -0.086403
0 1.5654 -4.1727 0.458333 0.6275 0.294194 0.935071 -0.197718
0 1.73867 -2.97454 0.458333 0.6005 0.332877 0.939004 -0.086403
1.47608 1.28674 -2.66928 0.416667 0.6005 0.338232 0.93754 -0.081352
1.41199 1.15879 -4.05212 0.416667 0.6275 0.99433 0.069698 -0.080308
1.47608 1.28674 -2.66928 0.416667 0.6005 0.998316 0.057662 -0.006297
1.57179 -0.284804 -2.72022 0.5 0.6005 0.998273 0.057676 -0.011133
0.25844 -0.673316 -5.90305 0.583333 0.6875 0.192013 -0.417963 -0.88794
0.155588 0.726328 -6.01215 0.458333 0.6875 0.093748 -0.091666 -0.991367
1.23044 0.507453 -5.92031 0.416667 0.6875 0.093748 -0.091666 -0.991367
-1.27081 -0.290716 -5.81265 0.541667 0.6875 -0.168935 -0.338629 -0.92563
-1.23044 0.507454 -5.92031 0.5 0.6875 -0.093748 -0.091666 -0.991367
-0.155587 0.726328 -6.01215 0.458333 0.6875 -0.093748 -0.091666 -0.991367
1.23044 0.507453 -5.92031 0.416667 0.6875 0.254485 0.840811 -0.47778
0.155588 0.726328 -6.01215 0.458333 0.6875 0.254485 0.840811 -0.47778
0 1.18461 -5.38401 0.458333 0.6875 0.277537 0.894832 -0.349642
0.25844 -0.673316 -5.90305 0.583333 0.6875 -0.961383 -0.183252 -0.205331
-0 -0.622277 -5.02824 0.583333 0.6875 -0.945293 -0.277834 -0.170963
0 1.18461 -5.38401 0.458333 0.6875 -0.967494 -0.066409 -0.244017
-0.155587 0.726328 -6.01215 0.458333 0.6875 -0.254485 0.840811 -0.47778
-1.23044 0.507454 -5.92031 0.5 0.6875 -0.254485 0.840811 -0.47778
-1.22575 0.854658 -5.2163 0.5 0.6875 -0.277484 0.894715 -0.349982
-0.155587 0.726328 -6.01215 0.458333 0.6875 0.967495 -0.06641 -0.244017
0 1.18461 -5.38401 0.458333 0.6875 0.967494 -0.06641 -0.244017
-0 -0.622277 -5.02824 0.583333 0.6875 0.94789 -0.276097 -0.158983
-0 -0.622277 -5.02824 0.583333 0.6875 -0.945293 -0.277834 -0.170963
0.25844 -0.673316 -5.90305 0.583333 0.6875 -0.961383 -0.183252 -0.205331
0.465177 -1.73525 -4.91303 0.583333 0.6875 -0.92773 -0.361859 -0.091515
0.171662 -1.29675 -3.28825 0.645833 0.171875 0.237581 -0.9299 0.280786
0.465177 -1.73525 -4.91303 0.583333 0.6875 0.2858 -0.933742 -0.215511
1.21832 -1.51995 -4.91303 0.625 0.6875 0.28694 -0.915114 -0.283251
-1.18036 -1.06192 -3.28825 0.541667 0.6875 -0.237582 -0.9299 0.280786
-1.21832 -1.51995 -4.91303 0.541667 0.6875 -0.286941 -0.915114 -0.283252
-0.465178 -1.73525 -4.91303 0.583333 0.6875 -0.285801 -0.933741 -0.215511
1.49826 -0.491047 -4.0825 0.5 0.6275 0.180833 -0.983123 0.027714
1.57179 -0.284804 -2.72022 0.5 0.6005 0.317931 -0.94805 -0.010961
0 -0.7354 -2.97454 0.583333 0.6005 0.301409 -0.953475 -0.006208
-0.020378 -0.615209 -4.05212 0.583333 0.6275 -0.182943 -0.982645 0.030672
0 -0.7354 -2.97454 0.583333 0.6005 -0.303489 -0.952819 -0.005574
-1.57179 -0.284804 -2.72022 0.541667 0.6005 -0.318873 -0.947742 -0.010306
0.171662 -0.76917 -3.28825 1 0.5 0 0 1
0.171662 -1.29675 -3.28825 0.645833 0.171875 0 0 1
1.18036 -1.06192 -3.28825 0 0 0 0 1
-1.18036 -0.534333 -3.28825 1 1 0 0 1
-1.18036 -1.06192 -3.28825 1 0 0 0 1
-0.171662 -1.29675 -3.28825 0.645833 0.171875 0 0 1
-0.020378 -0.615209 -4.05212 1 1 -0.138392 0.983867 0.113373
0.171662 -0.76917 -3.28825 1 0.5 -0.138392 0.983867 0.113373
1.18036 -0.534334 -3.28825 0 0 -0.138392 0.983867 0.113373
-1.49826 -0.491047 -4.0825 0.770833 0.81375 0.140723 0.983973 0.109517
-1.18036 -0.534333 -3.28825 1 0 0.140723 0.983973 0.109517
-0.171662 -0.76917 -3.28825 0 0.5 0.140723 0.983973 0.109517
-1.18036 -0.534333 -3.28825 1 1 -0.945239 -0.268792 0.185136
-1.49826 -0.491047 -4.0825 0.770833 0.81375 -0.973503 -0.224494 0.043524
-1.21832 -1.51995 -4.91303 0.541667 0.6875 -0.980067 -0.191081 -0.054383
1.18036 -0.534334 -3.28825 0 0 0.945238 -0.268792 0.185136
1.18036 -1.06192 -3.28825 0 0 0.945238 -0.268792 0.185136
1.21832 -1.51995 -4.91303 0.625 0.6875 0.980067 -0.191081 -0.054383
1.27081 -0.290717 -5.81265 0.5 0.6875 0.990204 -0.030364 -0.136287
1.41854 -0.196824 -5.00098 0.5 0.6875 0.990612 -0.01493 -0.13589
1.49826 -0.491047 -4.0825 0.5 0.6275 0.973503 -0.224494 0.043523
1.23044 0.507453 -5.92031 0.416667 0.6875 0.987041 0.102931 -0.123106
1.22575 0.854658 -5.2163 0.416667 0.6875 0.987412 0.096246 -0.125516
1.41854 -0.196824 -5.00098 0.5 0.6875 0.990612 -0.01493 -0.13589
-1.21832 -1.51995 -4.91303 0.541667 0.6875 -0.980067 -0.191081 -0.054383
-1.49826 -0.491047 -4.0825 0.770833 0.81375 -0.973503 -0.224494 0.043524
-1.41854 -0.196824 -5.00098 0.541667 0.6875 -0.990612 -0.01493 -0.13589
-1.27081 -0.290716 -5.81265 0.541667 0.6875 -0.990204 -0.030364 -0.136287
-1.41854 -0.196824 -5.00098 0.541667 0.6875 -0.990612 -0.01493 -0.13589
-1.22575 0.854658 -5.2163 0.5 0.6875 -0.987412 0.096247 -0.125516
0.171662 -0.76917 -3.28825 1 0.5 -0.96025 -0.279039 -0.007555
-0.020378 -0.615209 -4.05212 0.583333 0.6275 -0.945238 -0.322378 -0.050975
0.465177 -1.73525 -4.91303 0.583333 0.6875 -0.92773 -0.361859 -0.091515
-0.171662 -1.29675 -3.28825 0.645833 0.171875 0.968672 -0.246726 -0.02829
-0.465178 -1.73525 -4.91303 0.583333 0.6875 0.932117 -0.352374 -0.083607
-0.020378 -0.615209 -4.05212 0.583333 0.6275 0.951726 -0.301639 -0.056845
